472.333 361.667 5
412.0 808.0 3
597.5 265.5 1
343.286 243.0 4
389.143 209.0 4
753.0 767.154 2
870.524 340.524 2
774.0 158.0 1
451.286 217.0 4
332.75 817.0 5
176.333 404.667 5
365.429 254.0 4
370.667 168.0 5
269.0 202.0 4
455.875 834.875 3
449.0 543.0 5
760.0 862.0 2
455.333 181.333 5
608.571 506.0 3
486.0 244.0 4
153.0 562.0 5
905.0 995.0 2
204.0 326.0 5
611.25 286.25 1
457.0 407.0 5
688.0 630.333 3
920.0 749.571 2
724.143 179.0 1
854.0 299.619 2
224.0 286.667 5
111.0 837.333 5
454.0 299.0 4
916.0 667.762 2
368.875 815.0 5
611.0 278.0 2
712.0 172.0 2
758.0 859.0 3
628.0 514.231 2
430.571 217.0 4
789.167 875.167 2
903.0 504.143 2
544.286 498.0 3
619.0 451.0 2
928.0 913.19 2
898.238 463.238 2
617.5 240.5 2
587.143 500.0 3
347.714 196.714 4
804.0 182.0 1
763.0 798.769 2
478.0 292.0 4
722.0 703.923 2
682.429 190.0 1
107.0 876.667 5
489.0 268.0 4
387.571 263.0 4
368.429 203.0 4
409.714 273.0 4
918.0 708.667 2
252.667 247.333 5
922.0 790.476 2
593.0 244.75 1
409.0 626.8 3
737.0 221.0 1
450.667 497.667 5
224.375 831.0 5
703.286 185.0 1
624.0 377.5 2
695.0 640.692 2
719.125 881.0 3
409.857 214.0 4
760.0 207.0 1
189.0 365.333 5
167.0 483.333 5
405.0 815.0 5
587.5 879.0 3
632.0 402.0 2
631.5 426.5 2
619.0 482.615 2
171.0 444.0 5
116.0 798.0 5
311.0 183.0 4
752.905 193.0 2
607.0 315.5 2
292.0 215.0 5
331.333 187.0 5
472.0 220.0 4
914.0 626.857 2
398.0 724.333 5
640.714 208.286 1
890.0 422.333 2
644.846 545.846 2
893.833 965.833 2
123.333 758.667 5
407.0 633.667 5
149.0 601.333 5
501.429 500.571 3
759.5 165.0 1
661.571 201.0 1
480.0 506.0 3
599.0 224.0 1
883.0 381.429 2
875.667 936.667 2
659.0 573.167 3
818.333 891.0 2
619.857 216.0 1
630.0 516.0 3
299.0 218.0 4
793.5 187.5 1
160.0 522.667 5
481.0 316.333 5
911.0 585.952 2
408.0 769.667 5
829.714 258.714 2
662.0 577.462 2
327.0 189.0 4
743.667 744.667 3
793.81 219.81 2
260.5 822.0 5
284.0 210.0 4
716.0 687.5 3
543.625 869.0 3
637.0 204.0 2
428.667 588.333 5
679.0 609.077 2
765.0 830.385 2
632.0 300.0 1
648.0 277.0 1
404.0 747.6 3
129.0 719.333 5
631.375 884.0 3
321.143 232.0 4
907.0 545.048 2
295.0 176.0 4
675.25 883.0 3
709.308 672.308 2
142.0 640.667 5
691.0 245.0 1
431.857 289.0 4
135.0 680.0 5
714.0 233.0 1
668.0 256.0 1
188.25 853.75 5
483.0 271.0 5
674.5 179.5 2
522.857 497.0 3
605.0 353.0 2
738.538 735.538 2
116.0 916.0 5
397.0 687.2 3
920.0 954.095 2
783.0 193.0 1
410.0 162.0 5
499.75 856.0 3
152.125 881.875 5
929.0 872.286 2
397.0 679.0 5
926.0 831.381 2
296.625 818.0 5
847.5 907.5 2
761.833 801.833 3
479.0 225.667 5
441.0 566.4 3
450.0 452.333 5
745.0 172.0 1
565.714 499.0 3
