417.0 578.0 3
389.714 121.0 4
743.81 110.81 2
688.667 777.0 3
171.0 299.333 5
683.0 101.0 1
658.0 66.0 2
352.5 749.0 5
579.25 249.25 2
544.0 763.0 3
152.0 463.524 5
144.0 668.762 5
264.0 137.0 4
148.0 586.667 5
581.429 436.0 3
519.714 453.286 3
339.952 86.0 5
289.143 135.0 4
435.0 535.0 3
730.0 653.0 3
458.0 310.8 5
871.0 840.19 2
381.714 163.286 4
745.5 96.5 1
830.333 832.333 2
339.429 133.0 4
281.0 752.0 5
560.857 440.0 3
839.429 282.429 2
698.833 791.0 2
181.0 258.286 5
568.0 772.0 3
297.286 171.0 4
846.167 879.167 2
873.0 625.667 2
859.0 926.0 2
688.0 564.538 2
353.571 170.0 4
622.0 143.0 1
218.0 166.0 4
414.0 664.0 3
695.333 580.333 3
580.667 92.3334 2
556.0 136.5 1
777.0 118.0 1
298.905 104.0 5
731.0 99.0 1
602.0 435.0 3
545.333 167.667 2
611.769 450.769 2
730.0 127.0 1
743.0 725.667 3
165.0 340.381 5
792.5 792.5 2
665.615 526.615 2
456.4 178.4 5
412.0 621.0 3
611.0 103.0 1
388.25 735.0 5
316.75 744.0 5
707.0 100.0 1
595.0 152.0 1
424.0 708.0 5
548.0 245.0 2
414.0 619.733 5
148.0 791.905 5
145.0 627.714 5
472.0 733.0 3
676.0 138.0 1
220.81 176.19 5
325.429 171.0 4
430.0 487.333 5
444.0 399.067 5
851.0 325.333 2
450.0 141.0 4
448.0 124.5 4
457.0 222.533 5
364.571 126.429 4
151.0 545.619 5
652.0 791.0 2
447.5 157.5 4
873.0 582.762 2
785.0 153.714 2
592.0 779.0 3
689.923 777.0 2
409.857 164.0 4
229.5 166.0 4
827.0 239.524 2
146.0 750.857 5
871.952 496.952 2
558.0 152.25 1
457.0 266.667 5
641.0 488.692 2
538.0 206.333 2
245.25 773.75 5
247.0 137.0 4
649.0 142.0 1
440.0 108.0 4
727.846 754.154 2
417.0 575.6 5
269.143 170.0 4
735.308 678.308 2
563.0 105.0 1
241.0 166.0 4
587.0 107.0 1
659.0 102.0 1
170.0 874.0 5
540.286 446.0 3
381.0 73.0 5
703.0 133.0 1
496.0 744.0 3
609.0 337.0 2
314.286 136.0 4
438.0 174.0 4
448.0 721.0 3
863.0 411.143 2
612.0 305.75 2
156.0 832.952 5
635.0 104.0 1
555.0 129.0 2
706.0 602.462 2
424.133 90.1333 5
436.0 443.2 5
424.0 707.0 3
873.0 539.857 2
568.0 166.0 1
230.0 136.0 4
414.857 116.0 4
760.0 94.0 1
757.0 121.0 1
856.0 368.238 2
185.75 838.25 5
883.0 754.381 2
458.0 492.0 3
418.0 663.867 5
423.0 531.467 5
700.905 79.9048 2
877.476 711.476 2
616.0 786.0 3
867.0 454.048 2
742.0 716.231 2
723.385 640.385 2
499.143 461.0 3
478.571 472.429 3
654.0 507.667 3
159.0 381.429 5
605.0 274.5 2
456.0 354.933 5
767.0 119.0 1
861.0 883.095 2
555.0 120.75 1
814.0 196.619 2
146.0 709.81 5
619.333 73.0 2
875.0 668.571 2
604.0 374.923 2
155.0 422.476 5
884.0 797.286 2
599.0 412.846 2
152.0 504.571 5
257.857 135.143 5
745.667 785.0 2
196.0 217.238 5
446.0 134.267 5
209.5 804.5 5
520.0 754.0 3
