207.143 364.857 5
409.571 234.0 4
784.286 144.286 2
453.0 613.8 3
823.333 618.333 3
606.0 236.0 1
454.0 651.6 5
419.857 202.0 4
448.429 195.0 4
600.0 218.5 2
203.0 509.238 5
639.5 91.5 2
600.0 200.0 1
886.0 358.857 2
426.625 704.0 5
905.0 504.571 2
216.0 292.667 5
747.857 115.857 2
391.286 201.0 4
453.0 654.4 3
948.0 759.571 2
489.0 270.0 5
605.625 744.625 3
509.875 723.0 3
942.143 723.143 2
462.0 695.0 3
715.333 482.333 3
475.0 524.4 5
923.0 650.286 2
867.0 286.0 2
893.0 395.286 2
656.0 193.0 1
863.0 726.0 2
910.0 541.0 2
202.0 545.333 5
763.0 206.0 1
600.0 182.0 1
882.0 734.0 2
756.667 526.667 3
361.905 103.0 5
489.0 397.2 5
474.0 142.8 5
711.429 96.0 2
675.0 86.0 2
469.0 251.0 4
919.0 764.0 2
395.25 703.0 5
644.5 303.5 2
451.0 609.2 5
840.0 213.143 2
797.0 572.0 3
560.429 449.0 3
608.0 112.0 2
735.0 220.0 1
261.0 200.0 4
658.25 328.25 2
477.0 186.0 4
931.714 686.714 2
855.0 249.571 2
320.429 217.429 4
479.0 492.0 3
832.308 635.308 2
626.0 278.75 2
877.0 322.429 2
653.5 749.0 3
819.0 176.0 1
204.0 617.524 5
269.75 740.25 5
604.0 218.0 1
533.286 456.714 3
810.0 145.0 1
489.0 354.8 5
379.857 234.0 4
325.81 122.19 5
796.0 153.0 1
305.571 183.0 4
492.0 221.5 4
350.143 228.0 4
489.0 312.4 5
667.0 381.231 2
724.154 494.154 2
628.0 187.0 1
207.0 689.714 5
801.846 578.846 2
252.0 197.0 4
209.238 328.762 5
277.0 175.0 4
289.714 150.0 5
752.385 522.385 2
896.0 431.714 2
623.0 251.0 1
740.0 178.0 1
459.2 566.8 5
332.5 709.0 5
290.714 206.0 4
684.0 191.0 1
844.0 720.0 2
210.0 761.905 5
608.0 254.0 2
439.286 237.286 4
458.0 694.0 5
797.125 741.0 3
258.0 169.0 4
204.0 437.048 5
204.0 653.619 5
900.0 468.143 2
488.0 439.6 5
587.571 446.0 3
203.0 581.429 5
679.0 230.0 1
597.0 183.0 2
803.0 149.0 1
912.0 577.429 2
485.2 185.2 5
486.75 239.25 4
768.0 168.0 1
267.5 172.0 4
916.0 613.857 2
258.619 184.381 5
506.143 471.857 3
671.692 437.692 2
815.714 176.714 2
211.0 798.0 5
831.0 170.0 1
234.0 220.476 5
712.0 185.0 1
791.0 190.0 1
707.0 225.0 1
816.077 607.077 2
557.75 737.75 3
844.0 711.0 3
749.25 751.0 3
204.0 473.143 5
780.615 550.615 2
844.0 691.769 2
665.0 409.462 2
598.5 147.5 2
301.125 721.0 5
651.0 240.0 1
825.0 173.0 1
840.0 664.667 3
458.0 573.2 3
955.0 796.0 2
936.0 783.0 2
481.0 482.0 5
470.0 532.6 3
488.0 227.6 5
667.0 353.0 2
362.714 196.714 4
440.4 103.0 5
701.375 752.0 3
696.923 465.923 2
363.875 703.0 5
901.0 746.0 2
334.143 190.143 4
614.714 447.714 3
205.0 400.952 5
839.0 663.538 2
398.0 91.0 5
209.0 725.81 5
243.0 194.0 4
489.75 203.75 4
669.0 451.0 3
223.429 256.571 5
242.375 769.625 5
641.857 449.0 3
