398.133 348.867 5
552.0 178.5 1
635.143 148.857 1
379.0 475.0 3
168.0 262.619 5
279.143 99.857 5
100.0 625.095 5
288.857 117.0 4
692.0 478.0 2
450.0 193.933 5
596.429 112.571 1
678.0 648.0 3
814.0 193.429 2
312.095 79.9048 5
347.25 607.25 5
666.0 461.0 2
477.429 399.571 3
196.25 609.75 5
219.238 163.762 5
726.0 101.0 1
85.0 691.0 5
476.0 639.0 3
795.524 161.524 2
417.867 310.133 5
926.095 640.095 2
729.0 68.0 1
858.0 352.952 2
196.0 196.714 5
136.0 394.429 5
387.0 446.0 3
386.0 426.333 5
254.0 107.0 4
435.0 271.4 5
365.0 562.0 3
265.0 108.0 4
619.143 108.0 1
408.571 198.571 4
641.857 102.0 1
779.0 601.0 3
610.333 59.0 2
640.0 439.0 2
865.0 384.857 2
891.0 512.476 2
309.5 601.0 5
537.714 395.0 3
355.714 173.0 4
416.733 83.7333 5
551.0 114.0 1
408.143 140.0 4
741.0 526.0 2
115.0 559.19 5
449.333 232.667 5
439.0 192.0 4
375.0 591.0 3
141.0 361.476 5
616.0 283.0 2
539.0 182.0 2
614.0 335.0 2
886.0 480.571 2
603.0 214.5 2
389.0 387.6 5
553.0 90.0 2
873.0 416.762 2
238.0 130.0 4
826.0 225.333 2
907.0 648.0 2
226.0 126.0 4
234.0 600.0 5
880.0 448.667 2
120.75 653.25 5
158.5 624.0 5
612.429 163.571 1
736.714 100.714 2
763.0 552.0 2
526.5 648.0 3
579.667 68.3334 2
768.619 130.619 2
129.0 460.333 5
598.0 398.0 3
744.333 526.333 3
657.857 136.143 1
615.0 309.0 2
611.0 387.0 2
385.0 620.0 5
92.0 658.048 5
577.0 654.0 3
664.571 94.4286 1
545.0 135.5 1
247.19 130.81 5
118.0 526.238 5
567.0 200.0 1
680.571 126.0 1
378.0 69.0 5
728.5 631.0 3
547.0 157.0 1
360.429 134.0 4
122.0 493.286 5
567.857 397.0 3
589.714 180.286 1
537.0 151.333 2
107.0 592.143 5
641.0 56.0 2
157.0 295.571 5
443.0 116.467 5
363.467 542.533 5
133.0 427.381 5
710.0 491.0 3
312.714 123.0 4
329.286 163.286 4
855.0 616.0 2
369.0 504.0 3
803.0 606.0 2
710.0 75.0 1
302.857 154.857 4
250.0 134.0 4
753.0 89.0 1
703.286 113.714 1
718.0 500.0 2
897.0 544.381 2
425.5 627.0 3
382.143 184.143 4
181.0 229.667 5
613.0 361.0 2
573.25 188.25 2
440.0 160.0 4
435.0 208.0 4
507.571 396.0 3
768.667 563.667 3
369.0 503.8 5
852.0 321.048 2
635.333 435.333 3
881.0 628.0 2
345.048 71.0 5
846.143 289.143 2
432.0 144.0 4
829.0 610.0 2
373.0 581.267 5
442.0 176.0 4
148.0 328.524 5
903.286 576.286 2
687.286 85.0 1
384.286 136.0 4
542.0 120.667 2
775.0 578.0 2
381.0 465.067 5
243.0 105.0 4
271.75 599.0 5
719.5 71.5 1
739.5 95.0 1
672.905 61.0 2
336.571 131.0 4
573.714 114.0 1
704.81 77.0 2
447.286 406.714 3
777.0 604.0 2
417.143 417.0 3
617.0 413.0 2
362.0 533.0 3
672.667 464.667 3
933.0 672.0 2
627.5 655.0 3
915.0 608.19 2
276.429 144.0 4
836.0 257.238 2
451.0 155.2 5
614.0 248.75 2
