904.0 345.333 2
451.0 186.0 4
774.0 850.0 3
428.857 110.0 4
433.467 604.533 5
464.0 132.0 4
899.0 298.571 2
613.0 199.833 2
426.0 755.0 3
692.0 160.0 1
625.0 127.5 2
714.0 79.0 2
130.0 815.857 5
411.0 708.0 3
490.0 340.2 5
370.429 137.0 4
790.5 681.5 3
616.0 177.25 1
791.0 101.0 1
755.0 79.0 1
644.25 254.25 2
413.267 710.267 5
760.762 94.0 2
156.0 484.857 5
287.5 839.5 5
658.0 290.5 2
920.0 625.905 2
463.0 170.0 4
708.429 96.5714 1
650.0 524.231 2
739.0 85.0 1
771.0 72.0 1
531.75 842.0 3
430.857 171.857 4
166.0 343.0 5
410.0 657.4 5
733.625 866.375 3
936.0 766.19 2
479.429 543.0 3
631.0 403.308 2
293.5 100.0 4
910.524 906.476 2
593.143 506.0 3
636.0 443.615 2
158.0 910.429 5
645.25 326.75 2
691.167 578.167 3
474.0 445.933 5
374.0 80.0 5
234.143 153.857 5
662.571 112.0 1
489.0 234.467 5
647.286 115.0 1
621.571 508.0 3
802.0 97.0 1
327.875 810.0 5
924.0 672.667 2
693.143 102.857 1
223.0 963.625 5
894.762 953.238 2
259.0 880.875 5
747.333 626.333 3
416.286 109.0 4
451.0 802.0 3
693.25 871.0 3
206.0 1005.0 5
410.625 808.0 5
810.0 871.0 2
451.0 567.0 3
874.0 205.048 2
650.0 522.0 3
311.0 72.0 4
723.714 91.0 1
125.0 768.571 5
452.0 816.0 5
907.0 392.095 2
714.0 146.0 1
391.143 101.143 4
350.286 127.0 4
780.0 105.0 1
465.0 151.0 4
137.0 626.714 5
338.5 83.0 4
454.0 113.0 4
612.5 865.0 3
670.0 173.0 1
330.143 116.0 4
431.133 763.133 5
536.286 520.0 3
411.0 661.0 3
911.381 532.381 2
491.0 287.333 5
780.308 839.692 2
617.0 135.75 1
326.714 95.0 5
486.0 181.6 5
160.0 390.286 5
279.429 117.571 5
788.462 678.462 2
741.0 859.0 2
366.0 95.0 4
648.0 187.0 1
403.714 105.0 4
801.167 793.833 3
909.0 438.857 2
758.0 116.0 1
452.0 551.667 5
890.81 251.81 2
923.0 859.714 2
144.0 863.143 5
652.875 871.0 3
277.0 93.0 4
715.846 598.846 2
867.0 1000.0 2
775.5 862.0 2
626.0 198.0 1
862.0 965.5 2
441.429 111.0 4
457.0 498.8 5
132.0 674.0 5
640.0 483.923 2
159.0 437.571 5
632.0 117.0 1
172.0 295.714 5
851.0 158.286 2
572.125 856.0 3
736.0 129.0 1
622.0 363.0 2
491.375 824.375 3
507.857 531.143 3
910.0 485.619 2
807.0 737.667 3
932.0 719.429 2
840.0 896.5 2
489.0 393.067 5
410.714 158.0 4
129.714 721.286 5
805.0 718.769 2
811.0 759.077 2
184.571 248.429 5
426.867 89.8667 5
241.75 922.25 5
931.0 812.952 2
807.524 118.524 2
564.714 512.0 3
618.0 163.667 2
641.667 96.3334 2
369.25 804.0 5
154.0 532.143 5
390.571 147.0 4
378.571 98.0 4
802.615 799.385 2
614.0 156.5 1
144.0 579.429 5
675.538 564.538 2
428.0 614.0 3
677.833 83.0 2
855.0 931.0 2
916.0 579.143 2
467.733 128.733 5
205.857 201.143 5
170.0 957.714 5
310.0 106.0 4
677.857 108.143 1
755.154 638.154 2
610.0 236.0 2
