244.5 813.5 5
450.0 243.733 5
337.857 124.0 4
974.0 734.905 2
680.429 178.0 1
630.0 305.0 2
487.714 529.286 3
632.0 517.0 3
972.0 824.143 2
459.0 227.0 4
193.048 229.952 5
413.0 684.133 5
583.0 197.25 1
402.143 196.143 4
909.0 467.19 2
411.0 488.4 5
144.0 398.714 5
714.714 125.0 1
175.857 272.143 5
957.0 645.667 2
764.0 710.5 3
313.429 119.0 4
288.429 155.429 4
419.0 537.333 5
647.667 64.0 2
636.286 147.714 1
260.0 142.0 4
921.0 511.80999999999995 2
430.571 211.571 4
542.0 834.0 3
152.476 356.524 5
559.333 156.667 2
336.81 86.1905 5
443.0 145.867 5
148.0 905.0 5
737.0 628.615 2
680.0 61.0 2
362.286 130.0 4
470.0 190.0 4
440.0 578.0 3
316.857 165.0 4
688.571 133.429 1
574.286 514.0 3
793.5 868.0 2
951.0 913.381 2
398.5 787.5 5
460.0 153.0 4
373.714 188.0 4
891.833 908.833 2
411.143 147.143 4
116.0 651.857 5
289.0 113.0 4
610.143 150.0 1
568.0 840.0 3
596.0 211.0 1
603.143 514.0 3
724.619 78.0 2
726.385 582.385 2
252.429 146.0 5
758.0 674.846 2
948.0 601.048 2
237.0 128.0 4
929.0 958.0 2
793.0 134.0 1
431.0 390.533 5
849.0 244.095 2
435.571 152.0 4
692.231 839.0 2
897.0 422.571 2
120.0 609.667 5
566.667 124.333 2
170.0 866.5 5
874.333 333.333 2
109.0 736.238 5
464.0 794.0 3
620.0 847.0 3
646.0 850.0 2
218.0 187.762 5
708.571 168.0 1
122.0 567.476 5
601.5 184.0 2
744.333 864.0 2
710.833 831.167 3
594.0 845.0 3
654.0 397.462 2
427.0 96.9333 5
766.0 721.077 2
842.667 878.0 2
758.667 775.333 3
206.0 832.0 5
469.5 208.5 4
934.0 556.429 2
124.0 525.286 5
764.857 147.0 1
435.0 586.267 5
692.833 580.833 3
261.0 98.0 4
275.0 106.0 4
294.619 110.381 5
696.923 489.923 2
767.0 108.0 1
965.0 868.762 2
283.0 801.0 5
248.5 135.0 4
650.0 259.5 2
426.0 618.2 3
416.067 733.067 5
516.571 516.429 3
574.0 163.75 1
585.0 92.0 2
800.0 130.0 1
112.0 694.048 5
738.462 813.538 2
743.0 645.667 3
379.0 75.0 5
469.0 171.5 4
740.857 117.0 1
424.0 635.2 5
777.0 103.0 1
129.81 862.81 5
646.0 848.0 3
624.143 199.0 1
887.0 377.952 2
437.0 782.0 5
419.0 738.8 3
452.0 292.667 5
516.0 823.0 3
321.5 794.0 5
662.429 143.0 1
615.333 70.0 2
637.231 351.231 2
769.0 110.238 2
345.286 176.286 4
676.0 443.692 2
386.714 138.0 4
584.0 147.0 1
129.905 483.095 5
736.714 157.0 1
412.0 698.6 3
556.0 189.0 2
137.095 440.905 5
787.0 97.0 1
863.0 288.714 2
803.857 154.857 2
760.0 767.308 2
120.0 820.619 5
966.0 690.286 2
161.0 314.333 5
652.286 187.714 1
360.0 791.0 5
450.0 341.6 5
576.5 180.5 1
416.0 658.4 3
545.429 515.0 3
448.0 194.8 5
460.857 549.143 3
975.0 779.524 2
807.0 126.0 1
642.0 214.0 2
415.0 439.467 5
695.167 858.0 2
833.0 199.476 2
438.0 779.0 3
713.0 536.154 2
490.0 809.0 3
114.0 778.429 5
