215.0 101.0 4
368.0 10.0 5
700.429 129.0 1
766.143 110.0 1
837.0 198.714 2
319.857 115.0 4
410.714 118.0 4
148.75 705.25 5
477.0 149.4 5
809.0 92.0 1
563.0 121.5 1
636.0 244.25 2
880.0 634.524 2
780.0 75.0 1
279.857 140.0 4
201.0 97.0 4
813.0 724.0 2
795.846 585.846 2
831.0 159.095 2
412.6 19.6 5
634.143 426.0 3
818.476 119.476 2
407.4 595.4 5
860.667 767.667 2
560.0 106.333 2
328.381 22.0 5
590.333 25.6666 2
608.5 740.5 3
259.286 107.0 4
816.0 673.833 3
417.0 506.6 3
563.0 138.0 1
229.0 104.0 4
142.952 469.048 5
565.0 65.0 2
873.0 594.905 2
789.857 81.8571 2
859.0 476.048 2
149.0 429.429 5
247.429 133.0 4
229.5 650.0 5
843.0 238.333 2
666.0 440.0 3
423.0 461.6 5
474.857 412.0 3
470.0 238.6 5
633.0 346.077 2
288.762 41.0 5
631.429 110.0 1
601.857 155.143 1
853.0 357.19 2
454.0 372.4 5
733.286 121.0 1
855.0 396.81 2
93.0 786.0 5
159.0 350.19 5
164.0 310.571 5
799.0 96.0 1
130.0 548.286 5
184.0 191.714 5
450.0 130.0 4
816.0 689.462 2
391.0 640.0 5
189.125 670.875 5
344.714 149.0 4
94.0 706.762 5
565.0 189.0 2
108.0 627.524 5
119.375 745.625 5
506.25 703.25 3
871.0 780.333 2
597.75 191.0 2
881.0 793.0 2
443.0 421.0 3
218.524 112.476 5
808.667 624.667 3
175.0 231.333 5
451.0 147.0 4
756.333 526.333 3
442.0 181.0 4
761.875 747.0 3
570.429 411.0 3
409.571 164.571 4
680.692 449.692 2
453.2 60.2 5
215.0 127.0 4
289.571 113.0 4
197.905 152.095 5
199.5 124.5 4
850.0 317.571 2
350.625 650.0 5
470.0 104.8 5
569.0 171.0 1
690.857 104.143 1
475.0 194.0 5
811.385 620.385 2
659.625 746.0 3
418.0 506.2 5
714.0 477.167 3
572.0 108.0 1
380.429 113.429 4
623.538 311.538 2
631.667 10.0 2
506.714 410.0 3
312.286 145.0 4
646.0 380.615 2
847.0 277.952 2
790.5 69.5 1
450.0 164.0 4
819.0 88.0 1
886.0 713.762 2
455.125 677.125 3
562.0 147.667 2
404.0 635.0 3
813.0 723.0 3
710.75 748.0 3
801.0 64.0 1
627.0 277.0 2
714.231 483.231 2
825.667 732.0 2
404.0 592.2 3
601.714 113.714 1
538.571 410.0 3
441.0 114.0 4
119.0 587.905 5
420.0 463.8 3
97.0 667.143 5
885.0 674.143 2
819.0 654.923 2
92.0 746.381 5
720.571 97.0 1
250.143 72.8571 5
410.0 549.4 3
748.769 516.769 2
634.714 144.286 1
750.286 87.0 1
864.0 515.667 2
868.0 555.286 2
627.0 211.5 2
557.375 726.0 3
459.2 327.8 5
410.0 550.8 5
169.0 270.952 5
656.0 415.154 2
838.333 742.333 2
602.286 416.0 3
310.25 657.0 5
466.0 283.2 5
269.875 645.125 5
673.0 4.0 2
350.143 118.0 4
184.0 122.0 4
667.571 135.0 1
154.19 389.81 5
789.5 575.5 3
850.0 755.0 2
565.0 154.5 1
776.0 551.308 2
136.0 508.667 5
377.143 156.143 4
885.0 753.381 2
438.0 417.0 5
712.619 16.0 2
752.238 45.2381 2
661.143 109.0 1
856.0 436.429 2
