728.375 686.0 3
740.0 124.0 1
571.0 212.75 1
237.0 168.0 4
786.0 633.0 3
663.308 497.308 2
187.667 239.333 5
739.0 555.0 3
84.0 672.0 5
647.0 100.0 2
170.0 270.238 5
716.143 126.143 2
785.286 183.286 2
869.0 278.0 2
613.0 417.154 2
340.8 623.8 3
590.0 119.0 2
925.0 485.429 2
425.714 455.286 3
458.429 447.0 3
750.714 156.714 2
513.875 707.0 3
346.6 539.4 5
393.0 389.267 5
884.571 312.571 2
591.429 150.429 1
342.0 652.0 5
384.714 211.0 4
121.0 486.571 5
309.75 637.0 5
292.0 146.0 4
730.143 162.0 1
134.0 424.762 5
453.0 239.133 5
747.462 564.462 2
755.0 158.0 1
111.0 548.381 5
788.0 649.615 2
820.333 676.0 2
582.0 235.0 1
250.5 172.5 4
180.75 624.0 5
408.857 222.857 4
967.0 762.0 2
148.5 632.5 5
397.0 110.0 5
273.381 160.0 5
448.0 184.5 4
726.0 128.0 1
360.571 202.0 4
334.857 152.0 4
769.0 594.0 3
356.286 154.0 4
681.143 139.0 1
523.857 443.0 3
442.0 145.0 4
705.286 170.714 1
336.429 197.0 4
313.429 150.0 4
408.267 351.733 5
450.0 164.75 4
335.19 123.0 5
786.0 621.231 2
609.0 259.0 2
556.571 446.0 3
460.25 699.25 3
552.0 172.0 2
953.0 658.286 2
433.0 224.0 4
618.5 106.0 2
942.0 589.143 2
630.714 196.286 1
621.125 710.0 3
905.0 381.714 2
681.571 107.0 2
961.0 692.857 2
661.0 496.0 3
700.0 522.0 3
444.0 204.25 4
788.0 678.0 2
377.714 154.0 4
338.0 576.933 5
819.857 210.857 2
783.0 149.0 1
658.714 143.0 1
754.0 120.0 1
589.286 452.286 3
426.8 314.2 5
615.0 295.5 2
620.0 445.538 2
343.0 549.4 3
720.077 538.077 2
613.857 150.0 1
655.571 185.429 1
564.5 143.5 2
636.286 146.0 1
636.923 473.923 2
399.143 154.0 4
277.5 627.0 5
613.0 388.769 2
393.0 475.0 3
458.0 164.067 5
406.625 685.0 3
782.0 672.0 3
304.286 137.714 5
930.0 520.0 2
703.571 133.0 1
264.0 138.0 4
769.0 153.0 1
278.0 142.0 4
919.0 450.857 2
366.095 108.905 5
379.2 426.8 5
612.0 332.0 2
93.8095 610.19 5
129.0 455.667 5
434.533 127.0 5
338.0 614.467 5
212.571 208.429 5
680.429 176.0 1
141.0 362.952 5
606.0 216.143 1
138.0 393.857 5
579.5 229.0 2
896.0 347.143 2
543.0 229.0 2
359.0 512.2 3
442.333 276.667 5
612.0 360.385 2
852.667 678.0 2
459.0 201.6 5
360.0 501.867 5
622.0 465.0 3
566.0 190.5 1
115.0 517.476 5
370.0 464.333 5
917.333 703.333 2
691.692 515.692 2
245.25 619.0 5
970.0 727.429 2
562.0 168.25 1
242.476 181.524 5
885.0 685.0 2
312.286 191.0 4
336.0 586.6 3
914.0 416.286 2
420.571 148.0 4
948.0 729.667 2
146.0 332.048 5
947.0 623.714 2
569.0 146.0 1
546.5 200.5 2
769.846 592.846 2
288.143 184.0 4
567.5 712.0 3
935.0 554.571 2
116.25 647.75 5
491.143 443.0 3
156.0 301.143 5
213.0 619.0 5
264.0 177.0 4
847.429 243.429 2
101.0 579.286 5
674.75 699.0 3
353.0 661.0 3
89.0 641.095 5
