364.0 693.4 3
373.4 601.6 3
78.0 906.0 5
410.143 202.0 4
911.0 866.667 2
647.857 131.0 1
452.0 175.5 4
131.0 436.143 5
908.0 614.0 2
669.143 128.0 1
619.0 291.75 2
360.429 190.0 4
630.0 514.0 3
364.8 657.2 5
791.0 144.0 1
329.0 741.0 5
164.0 308.0 5
150.875 799.125 5
419.0 378.8 5
88.0 735.143 5
599.333 100.0 2
290.0 119.0 4
132.0 521.571 5
311.571 106.429 5
228.0 179.857 5
405.0 425.2 5
742.0 651.077 2
918.0 654.143 2
111.0 607.0 5
186.5 770.0 5
96.0 870.375 5
354.286 86.0 5
458.75 801.0 3
626.571 135.429 1
749.0 116.0 1
704.143 104.0 2
554.0 220.0 2
285.857 166.0 4
385.286 194.0 4
461.0 193.2 5
629.154 506.154 2
424.286 550.714 3
687.615 578.615 2
457.4 239.6 5
779.0 796.0 2
723.125 813.0 3
247.5 151.0 4
584.0 134.0 1
859.0 333.0 2
260.0 109.0 4
593.0 212.0 1
553.0 187.667 2
777.5 148.5 1
776.0 788.0 3
733.0 120.0 1
718.0 614.846 2
457.8 146.8 5
616.0 397.462 2
874.0 413.286 2
234.0 146.0 4
617.375 825.0 3
807.333 802.0 2
617.429 202.0 1
773.0 759.769 2
453.0 155.25 4
670.25 823.0 3
612.0 325.0 2
335.571 185.571 4
657.385 542.385 2
257.75 740.25 5
364.0 662.8 3
104.286 649.714 5
569.0 123.0 2
744.286 132.286 2
615.692 433.692 2
897.857 573.857 2
511.625 813.0 3
587.25 228.25 2
275.0 114.0 4
880.429 453.429 2
261.0 156.0 4
776.0 172.429 2
579.0 192.5 1
928.0 734.429 2
268.857 140.143 5
79.0 863.286 5
605.286 137.0 1
134.0 478.857 5
616.0 361.231 2
612.0 258.5 2
769.0 723.538 2
363.0 724.0 3
869.0 373.143 2
355.143 134.0 4
311.714 124.0 4
666.286 187.0 1
405.875 771.875 3
885.0 493.571 2
492.857 529.0 3
435.0 213.0 4
197.0 222.571 5
936.0 814.714 2
398.571 138.0 4
690.429 126.0 1
864.0 821.0 2
739.571 163.429 1
710.333 605.333 3
773.0 742.333 3
846.857 292.857 2
376.857 136.0 4
399.0 518.0 5
87.0 777.857 5
664.0 89.0 2
830.714 252.714 2
310.714 178.0 4
449.0 195.75 4
765.0 112.0 1
595.714 513.0 3
397.0 73.0 5
935.0 854.857 2
449.0 286.0 5
766.0 696.667 3
923.0 694.286 2
439.4 100.4 5
762.0 687.308 2
293.375 740.0 5
561.429 518.0 3
564.5 822.0 3
711.714 123.0 1
333.429 129.0 4
438.0 332.4 5
835.667 810.0 2
401.0 471.6 5
368.2 610.8 5
527.143 522.857 3
673.667 559.667 3
806.571 212.571 2
389.6 564.4 5
935.0 895.0 2
178.0 265.286 5
458.571 538.0 3
390.0 571.0 3
367.0 632.2 3
764.0 153.0 1
82.0 820.571 5
122.0 564.286 5
620.0 469.923 2
222.125 748.0 5
641.857 194.143 1
153.0 350.714 5
556.0 155.333 2
715.143 171.857 1
442.0 136.0 4
94.5714 692.429 5
631.667 93.0 2
739.0 651.0 3
933.0 774.571 2
115.25 834.75 5
420.286 139.0 4
889.0 533.714 2
143.0 393.429 5
573.0 153.5 1
892.333 839.333 2
690.714 180.0 1
363.0 703.6 5
573.0 173.0 1
