771.333 783.0 2
740.0 649.0 2
381.0 605.0 3
131.333 630.667 5
538.0 152.0 2
702.0 585.0 2
721.0 107.0 1
517.0 178.5 1
396.0 555.0 3
732.0 131.0 1
381.0 705.0 3
883.0 674.667 2
523.0 225.333 2
896.0 837.333 2
441.143 481.857 3
411.0 488.2 5
134.0 588.048 5
412.0 505.0 3
114.0 801.143 5
144.0 460.19 5
593.0 393.0 2
424.0 178.5 4
733.0 103.0 1
633.143 132.0 1
400.0 534.667 5
672.667 89.0 2
896.0 878.0 2
593.0 327.25 2
571.286 211.714 1
759.0 125.0 1
582.571 139.0 1
568.5 803.0 3
352.429 208.429 4
890.0 715.333 2
246.0 157.0 4
387.0 581.133 5
713.333 114.333 2
373.714 221.714 4
588.0 361.0 2
309.857 188.0 4
403.0 767.0 5
373.0 655.0 3
418.0 348.8 5
595.571 187.429 1
267.286 165.0 4
268.762 135.238 5
258.0 130.0 4
528.571 450.0 3
863.0 593.333 2
709.0 110.0 1
648.25 798.0 3
121.0 715.905 5
414.5 223.5 4
376.0 674.067 5
246.5 125.5 4
532.0 137.0 1
785.0 186.667 2
872.0 634.0 2
650.143 164.857 1
608.375 801.0 3
421.0 201.0 4
659.0 521.0 2
327.429 143.0 4
488.75 791.0 3
638.0 489.0 2
619.0 457.0 2
281.143 134.0 4
153.0 889.5 5
683.714 118.0 1
841.0 471.333 2
288.571 177.0 4
557.714 449.0 3
754.0 147.0 2
245.0 784.0 5
398.467 116.467 5
208.5 810.5 5
834.0 430.667 2
553.75 262.0 2
161.286 289.714 5
331.143 198.143 4
632.0 84.0 2
426.0 255.86700000000002 5
141.0 929.0 5
745.5 128.0 1
377.0 627.6 5
311.381 112.0 5
808.0 268.0 2
852.333 821.333 2
894.0 756.0 2
411.0 441.733 5
373.714 147.0 4
853.667 552.667 2
499.429 453.571 3
680.0 553.0 2
728.0 776.0 3
284.5 769.0 5
871.667 849.667 2
559.667 115.333 2
428.0 209.4 5
147.0 417.571 5
586.857 451.0 3
728.0 618.0 3
896.0 796.667 2
470.286 468.0 3
448.875 776.875 3
137.0 545.429 5
389.0 720.533 5
798.0 227.333 2
155.0 332.333 5
169.905 247.095 5
354.0 96.0 5
214.0 146.0 4
187.0 204.476 5
677.429 154.0 1
520.0 262.0 2
826.0 390.0 2
746.0 745.0 2
743.0 777.0 2
622.857 174.0 1
415.0 395.267 5
557.286 140.0 1
395.0 241.0 4
595.333 92.0 2
828.0 798.0 2
150.0 374.952 5
815.667 308.667 2
119.0 843.762 5
409.0 755.0 3
604.0 425.0 2
821.333 349.333 2
658.429 125.0 1
527.0 188.667 2
324.0 762.0 5
363.5 762.0 5
422.0 162.933 5
724.0 617.0 2
754.0 713.0 2
178.0 850.0 5
688.125 793.0 3
515.25 154.75 1
350.571 146.0 4
396.857 151.857 4
419.0 302.333 5
127.0 673.286 5
141.0 502.81 5
128.0 886.381 5
304.286 139.0 4
420.0 156.0 4
607.857 136.0 1
528.625 799.0 3
750.0 670.667 3
117.0 758.524 5
581.0 293.5 2
230.0 151.0 4
847.0 512.0 2
544.0 226.0 1
692.333 565.333 3
226.143 167.0 5
704.714 143.0 1
751.0 681.0 2
799.667 788.0 2
524.25 202.25 1
752.0 723.333 3
235.0 121.0 4
616.0 460.0 3
658.667 512.667 3
