266.571 95.0 5
893.0 454.905 2
133.0 452.143 5
404.0 659.6 3
442.0 769.0 5
299.714 135.0 4
718.231 580.231 2
753.0 64.0 1
891.0 409.714 2
146.0 315.0 5
442.0 124.2 5
564.429 448.571 3
781.0 734.077 2
639.0 150.0 1
625.0 313.0 2
625.846 466.846 2
757.0 811.0 2
745.5 626.5 3
572.0 140.0 1
779.0 746.167 3
142.0 360.714 5
81.0 772.143 5
572.0 184.667 2
754.0 103.0 1
589.333 77.0 2
884.0 364.524 2
188.143 177.857 5
784.0 90.0 1
896.0 500.095 2
685.0 132.0 1
224.0 109.0 4
704.429 80.0 1
319.286 103.0 4
424.0 521.0 5
515.5 799.0 3
437.0 421.8 5
169.0 223.571 5
711.75 811.0 3
246.0 117.0 4
131.0 497.857 5
614.0 389.923 2
858.952 228.952 2
896.0 545.286 2
799.571 139.571 2
422.0 553.2 3
622.538 351.462 2
657.833 508.833 3
438.0 500.0 3
298.375 775.625 5
624.0 285.0 2
683.857 85.0 1
419.0 712.8 3
769.0 772.538 2
155.0 269.286 5
622.143 95.0 1
766.154 657.154 2
593.0 179.0 1
902.167 917.167 2
394.125 769.0 5
725.0 75.0 1
407.6 76.6 5
440.0 103.0 4
601.571 96.0 1
861.5 847.5 2
581.0 98.0 1
380.286 158.286 4
257.0 89.0 4
367.571 108.0 4
83.0 863.571 5
407.0 606.4 3
877.0 319.333 2
918.0 952.0 2
835.0 183.762 2
731.0 113.0 1
346.25 771.0 5
457.0 144.0 4
708.0 123.0 1
633.25 813.0 3
271.0 93.0 4
123.875 907.125 5
441.0 372.2 5
272.857 126.857 4
488.571 465.0 3
709.0 566.667 3
122.0 589.286 5
616.0 164.0 1
453.0 322.6 5
887.0 882.333 2
513.857 457.0 3
423.4 719.4 5
900.0 590.476 2
100.0 680.714 5
463.286 479.714 3
791.833 823.0 2
100.0 955.0 5
202.625 818.375 5
437.0 766.0 3
602.0 232.0 2
622.0 257.0 2
826.667 830.667 2
539.143 452.0 3
907.667 635.667 2
932.0 771.238 2
571.0 119.0 1
88.0 726.429 5
90.0 909.286 5
113.0 635.0 5
594.0 811.0 3
933.0 861.619 2
662.0 139.0 1
407.143 173.143 4
154.75 859.25 5
709.19 69.1905 2
358.0 61.0 5
616.0 428.385 2
554.75 807.0 3
81.0 817.857 5
779.0 695.615 2
405.0 620.2 5
626.667 58.0 2
295.143 98.0 4
685.769 542.769 2
739.0 70.0 1
642.714 93.0 1
664.0 52.0 2
458.0 223.4 5
776.0 686.333 3
436.0 471.4 5
220.857 132.143 5
415.857 104.0 4
458.0 273.0 5
417.0 570.6 5
672.5 814.0 3
407.0 669.8 5
754.381 100.381 2
745.692 618.692 2
589.714 446.0 3
935.0 816.429 2
872.0 274.143 2
391.714 106.0 4
574.0 222.0 2
929.0 906.81 2
476.25 785.25 3
651.308 505.308 2
580.0 161.0 1
769.0 96.0 1
129.0 543.571 5
452.0 173.8 5
353.429 151.0 4
235.0 113.0 4
343.429 106.0 4
615.0 449.0 3
452.0 165.5 4
136.0 406.429 5
575.0 110.0 2
572.0 147.333 2
434.0 187.0 4
243.0 85.0 4
312.286 68.0 5
925.0 726.048 2
751.0 806.0 3
914.857 680.857 2
326.571 143.0 4
456.0 122.5 4
250.5 790.0 5
663.286 89.0 1
