711.75 703.25 3
604.5 708.5 3
566.0 140.0 1
138.0 657.286 5
133.0 760.0 5
717.615 527.615 2
389.429 209.429 4
367.0 106.0 5
190.571 246.429 5
879.0 582.048 2
656.286 129.0 1
431.0 295.4 5
588.571 139.0 1
170.095 314.905 5
218.0 187.0 4
647.0 86.0 2
395.0 403.6 5
633.0 311.0 2
622.714 187.286 1
618.667 85.0 2
307.75 604.0 5
633.714 132.0 1
808.0 663.0 2
848.0 356.381 2
761.769 581.769 2
424.0 331.467 5
345.875 607.0 5
554.0 149.333 2
149.0 520.333 5
765.375 694.625 3
395.0 439.667 5
193.375 648.625 5
868.0 683.0 2
145.0 588.81 5
551.0 177.667 2
283.143 200.0 4
772.0 162.952 2
722.143 149.0 1
336.286 204.0 4
298.524 131.0 5
256.571 194.0 4
424.0 201.0 4
134.0 691.524 5
443.625 660.625 3
842.0 324.143 2
697.286 157.0 1
627.0 441.0 3
663.333 468.333 3
692.538 500.538 2
416.0 219.0 4
434.143 446.0 3
853.0 675.0 2
647.571 179.429 1
557.0 158.75 1
555.0 177.5 1
231.048 182.952 5
397.2 511.79999999999995 5
781.846 608.846 2
161.0 383.381 5
883.0 696.0 2
768.0 131.0 1
407.0 471.0 3
747.0 139.0 1
838.0 669.0 2
395.0 151.0 4
390.0 619.0 3
178.0 280.667 5
737.5 112.0 1
875.81 549.81 2
756.333 577.333 3
891.0 646.524 2
802.0 650.0 3
388.0 589.4 3
204.0 212.19 5
498.429 434.0 3
425.0 165.0 4
264.286 155.714 5
629.0 338.077 2
658.125 709.0 3
855.0 388.619 2
628.75 276.75 2
434.0 259.333 5
711.476 111.476 2
269.625 611.0 5
743.714 134.714 2
550.875 702.875 3
665.462 473.462 2
146.125 721.875 5
390.0 547.867 5
530.571 432.0 3
307.0 160.0 4
133.0 725.762 5
836.0 291.905 2
594.857 434.0 3
885.0 614.286 2
435.0 151.133 5
865.0 453.095 2
497.25 689.0 3
309.714 203.714 4
403.067 117.067 5
898.0 711.0 2
565.0 121.0 2
551.0 206.0 2
155.0 417.619 5
230.0 189.0 4
263.0 161.0 4
417.0 147.0 4
351.0 155.0 4
400.0 475.733 5
389.0 559.8 3
285.0 162.0 4
231.5 625.5 5
164.0 349.143 5
640.385 446.385 2
861.0 420.857 2
724.0 117.0 1
795.19 195.19 2
238.0 157.0 4
590.333 96.6666 2
798.923 635.923 2
435.0 223.267 5
388.0 583.933 5
623.0 365.154 2
696.667 504.667 3
562.714 431.0 3
392.0 530.2 3
362.857 204.0 4
573.0 211.0 1
678.857 126.143 1
250.5 159.0 4
151.0 451.857 5
787.0 613.667 3
898.0 678.762 2
672.429 167.0 1
611.143 135.0 1
426.0 183.0 4
408.0 367.533 5
147.0 554.571 5
161.0 683.75 5
206.0 183.0 4
466.286 437.0 3
823.0 665.0 2
332.762 117.0 5
329.0 157.0 4
585.25 219.25 2
869.0 485.333 2
621.308 419.308 2
872.0 517.571 2
440.0 187.2 5
560.0 196.25 1
597.857 196.0 1
828.0 259.667 2
384.0 620.0 5
740.692 554.692 2
751.0 107.0 1
701.429 122.571 1
616.0 392.231 2
142.0 623.048 5
616.0 242.5 2
728.0 541.0 3
149.0 486.095 5
398.4 500.6 3
373.0 153.0 4
679.238 93.0 2
816.429 227.429 2
757.5 135.0 1
