892.0 645.0 2
750.0 715.769 2
460.0 239.733 5
456.0 333.6 5
801.5 823.0 2
876.0 474.714 2
141.0 644.286 5
664.857 165.143 1
331.714 170.714 4
279.0 98.0 4
284.762 118.238 5
644.143 183.857 1
681.333 587.333 3
871.143 432.143 2
449.0 380.533 5
921.0 815.286 2
133.0 769.143 5
303.0 110.0 4
439.75 793.75 3
835.0 261.857 2
717.615 641.615 2
633.0 464.231 2
848.0 304.429 2
623.0 322.0 2
270.0 133.0 4
668.5 852.0 3
402.0 683.4 3
408.0 155.0 4
352.286 184.0 4
452.0 145.867 5
888.0 602.429 2
450.0 161.0 4
137.0 727.524 5
358.0 756.0 5
757.0 772.667 3
727.0 128.0 1
629.5 101.0 2
591.0 265.0 2
734.0 680.0 3
450.0 181.25 4
751.143 145.143 2
634.857 136.143 1
712.0 633.667 3
178.0 822.0 5
926.0 943.0 2
555.714 551.0 3
140.0 685.905 5
915.0 772.714 2
792.714 176.714 2
556.0 187.0 2
577.0 838.0 3
389.133 662.133 5
500.857 556.0 3
564.75 218.75 1
394.0 756.0 5
678.286 115.714 1
584.0 230.0 1
700.0 103.0 1
883.0 884.0 2
404.0 719.2 3
545.25 180.25 1
663.462 569.462 2
153.0 394.571 5
290.571 144.571 4
458.0 286.667 5
531.25 828.0 3
763.0 789.923 2
560.0 260.0 2
324.0 119.0 4
772.0 827.0 2
925.0 857.857 2
630.0 427.154 2
714.25 846.0 3
622.75 847.0 3
708.571 118.0 2
243.143 150.0 5
291.0 104.0 4
636.385 538.385 2
747.0 112.0 1
625.429 203.571 1
372.857 198.857 4
413.0 230.0 4
446.0 576.0 3
311.143 157.143 4
322.0 755.0 5
214.0 792.0 5
368.0 95.0 5
566.5 150.5 2
163.667 311.333 5
125.0 852.381 5
685.571 151.429 1
818.0 219.286 2
625.0 353.0 2
184.0 228.095 5
865.0 389.571 2
148.0 519.429 5
144.0 602.667 5
385.0 615.2 5
129.0 810.762 5
694.538 604.538 2
569.714 161.0 1
604.714 220.0 1
408.667 521.333 5
326.381 100.619 5
616.0 291.0 2
591.429 157.571 1
613.143 145.857 1
760.0 752.846 2
149.0 477.81 5
737.0 120.0 1
666.0 98.0 2
485.5 815.5 3
724.0 92.0 1
593.0 118.0 2
387.0 146.0 4
552.5 199.5 1
395.0 568.267 5
884.0 559.857 2
443.0 201.5 4
554.0 223.5 2
760.0 819.0 3
528.286 552.0 3
880.0 517.286 2
635.0 501.308 2
927.0 900.429 2
204.0 186.476 5
583.143 550.0 3
473.429 563.571 3
656.571 125.429 1
895.0 687.571 2
248.0 122.0 4
259.0 127.0 4
250.0 773.0 5
638.0 554.0 3
418.2 611.8 3
706.286 140.714 1
831.0 834.0 2
906.0 730.143 2
127.0 894.0 5
159.0 352.952 5
366.0 137.0 4
859.5 854.5 2
171.0 269.714 5
610.571 551.0 3
148.0 858.0 5
751.0 726.333 3
858.0 347.0 2
712.0 98.0 1
408.0 647.6 3
460.0 192.8 5
398.0 755.0 3
433.25 221.75 4
402.0 709.067 5
147.0 561.048 5
345.0 128.0 4
436.0 427.467 5
151.0 436.19 5
392.429 217.429 4
414.933 106.0 5
421.6 474.4 5
903.5 913.5 2
629.0 390.077 2
286.0 761.0 5
548.0 161.0 1
429.0 160.0 4
734.0 678.692 2
