252.857 127.143 5
606.538 346.538 2
115.0 700.857 5
401.0 489.0 3
556.0 138.75 1
141.0 355.429 5
877.0 409.762 2
481.571 419.0 3
658.0 81.0 2
158.0 278.667 5
383.0 524.4 3
657.571 117.0 1
438.0 169.0 4
858.81 334.81 2
186.095 201.905 5
324.0 163.0 4
109.0 777.619 5
732.952 109.952 2
289.143 125.0 4
617.429 161.0 1
333.429 127.0 4
377.714 133.0 4
821.0 222.381 2
919.0 709.571 2
681.0 724.0 3
580.143 424.143 3
219.0 134.0 4
432.0 205.0 4
910.0 822.0 2
881.333 766.333 2
565.0 125.0 1
609.0 388.077 2
680.714 113.0 1
901.0 634.619 2
654.154 469.154 2
613.0 438.0 3
746.0 123.0 1
604.0 743.0 2
548.0 190.667 2
538.75 718.0 3
566.0 126.0 2
563.5 726.0 3
121.0 624.095 5
826.667 728.667 2
692.692 505.692 2
351.0 169.0 4
924.0 784.524 2
283.125 664.0 5
417.857 456.143 3
593.333 96.6666 2
243.0 141.0 4
241.5 670.0 5
756.0 119.0 1
142.0 774.375 5
558.25 166.25 1
625.667 83.3334 2
382.0 595.2 3
695.476 91.0 2
514.0 709.0 3
728.615 708.0 2
687.077 720.923 2
771.0 718.0 2
297.0 157.0 4
311.286 126.0 4
439.75 677.75 3
668.857 145.0 1
613.0 738.0 3
720.286 131.714 1
378.0 182.0 4
737.5 102.0 1
137.0 393.81 5
489.25 700.25 3
215.476 163.524 5
645.538 727.0 2
703.857 109.0 1
368.0 90.0 5
405.0 427.6 5
738.0 559.0 3
392.933 509.067 5
548.0 223.0 2
407.133 386.867 5
436.0 142.467 5
422.0 133.0 4
659.667 739.0 2
443.0 183.2 5
554.5 152.5 1
119.0 816.0 5
634.429 120.0 1
329.619 98.0 5
766.0 116.0 1
514.429 418.0 3
448.714 429.286 3
763.0 627.0 3
415.0 666.0 3
727.0 105.0 1
766.429 147.429 2
728.231 547.231 2
424.0 264.667 5
324.75 665.0 5
591.714 170.286 1
753.0 588.769 2
574.75 228.0 2
435.0 151.0 4
609.0 278.25 2
254.0 121.0 4
394.0 630.6 3
231.0 137.0 4
418.0 305.4 5
408.0 672.0 5
378.0 559.8 3
366.375 668.0 5
133.0 432.19 5
588.143 123.0 1
126.0 508.952 5
848.0 297.333 2
170.0 240.286 5
291.238 109.762 5
762.0 630.308 2
566.0 180.0 1
148.0 317.048 5
870.0 372.286 2
681.0 491.0 3
611.286 122.0 1
923.048 747.048 2
379.0 549.8 5
884.0 484.714 2
547.286 420.0 3
748.0 99.0 1
464.5 689.0 3
435.0 223.933 5
414.0 346.133 5
241.0 117.0 4
162.0 732.75 5
379.0 590.533 5
118.0 662.476 5
598.5 251.5 2
404.0 468.333 5
408.733 101.733 5
124.0 547.333 5
881.238 447.238 2
694.571 139.429 1
715.333 730.0 2
199.875 693.125 5
885.0 522.19 2
888.0 559.667 2
588.25 733.0 3
270.0 149.0 4
605.0 305.0 2
123.0 585.714 5
643.143 153.0 1
835.857 259.857 2
555.0 158.333 2
355.571 128.0 4
112.0 739.238 5
800.0 184.905 2
267.0 124.0 4
893.0 597.143 2
405.0 200.0 4
395.0 631.267 5
130.0 470.571 5
910.0 672.095 2
746.0 695.0 3
439.0 187.0 4
619.615 429.615 2
758.0 671.846 2
399.857 135.0 4
