1000.0 825.619 2
256.714 155.286 5
584.0 205.0 1
789.0 112.0 1
810.0 912.0 2
1001.0 872.714 2
703.857 100.0 1
97.0 632.905 5
719.714 142.0 1
929.0 495.952 2
389.0 750.4 5
789.0 838.0 2
341.857 132.857 4
926.333 970.333 2
565.5 906.0 3
435.0 579.6 3
175.25 905.75 5
642.0 88.0 2
565.0 167.5 1
136.0 389.095 5
543.571 478.0 3
991.0 778.524 2
727.0 94.0 1
452.0 201.0 4
610.0 480.0 3
345.286 178.0 4
983.0 1014.0 2
565.714 475.0 3
565.0 130.0 1
386.714 141.0 4
255.0 159.0 4
474.0 328.0 5
414.0 810.0 3
405.0 803.2 5
833.286 166.286 2
969.0 684.333 2
451.875 838.0 3
409.143 143.0 4
717.0 909.0 3
577.0 171.0 2
634.429 115.571 1
444.0 486.4 5
795.0 875.0 2
692.0 87.0 2
839.333 917.0 2
751.0 690.0 2
387.0 694.8 3
521.429 482.571 3
441.0 539.2 5
611.143 190.0 1
784.0 801.0 2
405.0 644.8 5
455.8 117.8 5
215.0 879.0 5
774.0 117.0 1
55.0 876.714 5
412.0 218.0 4
1004.81 919.81 2
950.0 590.143 2
659.667 555.667 3
374.0 853.0 5
673.0 579.0 2
432.5 218.0 4
739.095 99.0 2
909.762 401.762 2
256.0 121.0 4
245.5 156.5 4
883.476 260.476 2
79.0 1023.0 5
140.0 340.333 5
131.0 437.857 5
85.0 681.667 5
766.0 80.0 1
455.0 522.0 3
776.0 764.0 2
746.5 87.0 1
480.0 222.4 5
868.667 927.667 2
319.429 129.0 4
236.0 154.0 4
121.0 535.381 5
390.429 196.429 4
628.0 505.0 2
665.429 164.0 1
69.0 779.19 5
746.857 128.143 1
953.667 997.667 2
866.381 213.381 2
679.125 913.875 3
127.0 486.619 5
626.0 369.0 2
54.0 974.238 5
731.0 653.0 2
50.5238 925.476 5
406.8 637.2 3
457.0 433.6 5
489.75 868.75 3
297.0 127.0 4
592.0 121.0 2
581.0 321.0 2
780.0 858.333 3
388.0 752.4 3
294.5 847.0 5
499.286 491.0 3
786.19 129.19 2
573.0 221.0 2
757.0 707.0 3
776.0 782.667 3
458.0 180.5 4
277.571 167.0 4
703.0 616.0 2
148.0 291.571 5
981.429 731.429 2
384.0 697.6 5
960.0 637.238 2
638.286 174.714 1
680.714 104.286 1
561.0 148.75 1
138.0 943.5 5
715.0 631.333 3
481.0 275.2 5
892.0 307.571 2
109.0 584.143 5
603.375 911.0 3
624.0 400.0 2
254.75 859.0 5
367.857 182.0 4
454.0 160.0 4
588.143 129.0 1
111.75 983.25 5
651.0 542.0 2
527.625 891.625 3
354.238 104.0 5
766.0 727.0 2
1004.0 966.905 2
616.0 468.0 2
463.0 380.8 5
641.25 915.0 3
334.25 847.25 5
207.952 199.0 5
477.143 504.857 3
657.571 109.0 1
169.19 242.81 5
692.571 153.429 1
920.857 448.857 2
433.0 592.0 5
804.0 107.0 1
61.0476 827.952 5
938.0 543.048 2
618.0 431.0 2
300.143 175.0 4
573.0 271.0 2
898.0 946.0 2
573.25 186.25 1
322.714 178.0 4
305.476 126.524 5
75.0 730.429 5
587.857 477.0 3
276.5 124.0 4
612.0 338.0 2
403.0 96.0 5
900.0 354.667 2
475.0 169.6 5
364.286 137.0 4
611.286 123.0 1
431.571 145.571 4
