936.0 505.143 2
607.0 213.0 1
102.0 397.0 5
708.0 650.154 2
598.0 172.0 2
590.0 152.75 1
89.0 903.0 5
688.571 129.429 1
407.0 718.4 5
620.0 196.0 2
249.857 110.0 4
99.0 627.0 5
752.286 110.0 1
105.0 581.0 5
348.429 135.0 4
381.286 139.0 4
725.0 708.333 3
931.0 603.714 2
415.0 769.0 3
438.0 204.0 4
617.0 480.308 2
685.692 607.692 2
402.857 195.857 4
745.167 833.167 2
332.571 181.571 4
953.0 850.143 2
77.0 857.0 5
460.0 236.0 5
933.0 653.0 2
234.0 764.0 5
217.0 90.0 4
930.0 406.571 2
590.0 173.5 1
519.571 491.0 3
362.25 758.0 5
615.0 488.0 3
639.714 195.0 1
918.0 308.0 2
409.0 720.8 3
152.0 167.0 5
425.4 557.6 5
464.0 140.25 4
703.0 819.0 3
724.0 735.077 2
614.0 310.462 2
276.75 747.0 5
404.0 672.6 3
839.5 868.0 2
936.0 702.286 2
224.0 75.0 5
448.0 528.0 3
942.0 751.571 2
415.6 34.0 5
173.0 105.0 4
705.143 170.0 1
672.429 181.571 1
437.2 396.8 5
611.0 437.846 2
319.5 743.0 5
227.143 143.143 4
721.0 763.667 3
460.0 289.6 5
698.0 820.0 2
362.0 17.0 5
404.0 664.8 5
208.0 83.0 4
495.714 496.286 3
465.0 162.5 4
424.0 576.2 3
624.857 137.0 1
611.615 395.385 2
628.0 32.6667 2
367.714 188.0 4
834.0 63.0 1
844.5 100.5 1
836.0 107.0 1
613.0 352.923 2
631.0 833.0 3
770.571 143.429 1
874.143 160.143 2
409.0 611.2 5
624.0 244.0 2
667.0 829.0 3
932.0 554.429 2
621.0 268.0 2
471.857 509.143 3
593.0 102.333 2
456.0 343.2 5
559.0 832.0 3
406.6 624.4 3
432.0 450.4 5
459.0 128.8 5
93.0 673.0 5
952.0 899.429 2
115.0 259.0 5
199.0 75.0 4
653.0 542.333 3
909.714 258.714 2
458.0 182.4 5
316.0 25.0 5
457.0 184.75 4
593.0 132.0 1
103.0 489.0 5
909.0 950.833 2
192.0 118.0 4
107.0 305.0 5
543.429 487.0 3
595.0 834.0 3
414.143 137.0 4
646.0 522.769 2
282.714 123.714 4
825.0 71.0 1
803.286 127.0 1
433.0 504.0 5
457.0 75.2 5
720.429 122.0 1
710.0 653.0 3
944.0 948.714 2
717.0 777.538 2
315.571 130.0 4
922.0 998.0 2
723.0 692.615 2
784.143 97.0 1
567.286 484.0 3
129.0 213.0 5
447.0 125.0 4
180.0 121.0 5
625.0 220.0 2
656.714 132.0 1
103.0 443.0 5
927.0 357.286 2
86.0 719.0 5
604.5 67.5 2
837.857 110.857 2
79.0 811.0 5
82.0 765.0 5
737.857 160.0 1
523.0 827.0 3
795.571 62.5714 2
935.0 455.857 2
746.286 32.2857 2
148.5 818.5 5
590.0 137.167 2
594.0 194.25 1
950.0 800.857 2
662.231 565.231 2
487.0 815.0 3
106.0 351.0 5
882.667 903.667 2
679.0 597.667 3
591.143 485.0 3
115.0 860.25 5
792.333 850.0 2
104.0 535.0 5
697.0 18.0 2
262.286 159.0 4
405.0 772.0 5
270.0 45.0 5
896.0 209.429 2
182.5 111.5 4
662.167 18.0 2
297.429 172.0 4
816.0 78.0 1
451.0 796.0 3
191.25 789.0 5
853.0 94.0 1
