410.0 725.0 3
898.143 454.143 2
89.0 510.524 5
243.905 115.0 5
831.0 850.0 2
473.857 537.143 3
607.0 203.0 1
307.75 795.0 5
69.125 920.875 5
953.0 935.0 2
947.0 760.143 2
178.0 136.0 4
688.571 112.429 1
418.0 620.0 3
289.952 92.0476 5
750.0 654.231 2
408.0 765.0 5
85.0 556.571 5
953.0 803.857 2
751.0 655.0 3
35.0 878.905 5
278.714 122.0 4
730.0 93.0 1
410.0 760.0 3
214.0 147.0 4
118.714 280.286 5
152.81 188.19 5
586.429 144.0 1
856.0 859.0 2
735.5 837.0 3
727.077 616.077 2
554.0 178.0 2
594.0 391.154 2
96.0 464.476 5
606.857 141.0 1
429.0 473.4 5
689.0 838.0 3
412.286 152.0 4
196.0 142.0 4
596.0 302.5 2
271.143 167.143 4
770.0 115.0 1
433.0 424.8 5
673.769 539.769 2
757.0 122.0 1
560.0 169.5 1
560.0 259.0 2
134.0 234.238 5
803.143 148.143 2
41.9524 924.952 5
875.0 323.0 2
781.538 730.538 2
615.0 467.462 2
231.5 112.0 4
732.0 137.0 1
715.714 105.0 2
604.0 429.308 2
414.0 655.0 3
242.571 158.0 4
709.0 103.0 1
257.625 799.0 5
704.0 577.923 2
782.0 827.0 3
881.0 870.0 2
751.0 82.0 1
559.143 515.0 3
559.0 190.0 1
672.0 84.0 2
657.0 178.0 1
925.0 629.0 2
211.0 107.0 4
530.714 519.0 3
834.0 191.857 2
906.0 885.0 2
107.619 372.381 5
549.5 817.0 3
759.429 123.429 2
790.667 769.667 3
794.0 806.846 2
881.0 366.714 2
410.0 716.4 5
207.5 811.5 5
905.0 497.857 2
356.857 197.0 4
596.0 826.0 3
941.0 716.429 2
336.0 80.0 5
432.2 133.2 5
593.0 327.75 2
55.0 971.0 5
157.375 831.625 5
584.0 277.25 2
445.0 181.8 5
332.143 134.0 4
102.0 418.429 5
566.0 149.0 1
197.857 149.143 5
707.0 153.0 1
564.5 210.5 1
637.615 505.615 2
783.0 108.0 1
414.0 231.0 4
107.25 872.75 5
448.0 279.0 5
112.0 326.333 5
434.0 196.0 4
616.0 514.0 3
560.0 137.5 2
867.0 279.286 2
632.0 187.0 1
582.0 224.0 1
252.0 117.0 4
420.0 570.6 5
72.0 648.667 5
385.571 148.0 4
427.5 213.5 4
358.857 140.0 4
299.714 178.714 4
777.333 712.333 3
672.333 540.333 3
716.667 597.667 3
446.429 556.571 3
579.0 353.0 2
452.0 230.4 5
357.875 784.125 5
434.0 376.2 5
587.571 514.0 3
422.0 522.0 5
642.5 833.0 3
62.0 694.714 5
627.286 135.0 1
503.0 803.0 3
918.286 585.286 2
631.5 85.0 2
385.429 215.429 4
80.381 602.619 5
806.0 845.0 2
439.0 161.0 4
929.0 910.0 2
43.0 786.81 5
305.429 127.0 4
682.0 166.0 1
790.692 768.692 2
910.0 541.571 2
456.5 787.0 3
553.0 218.5 2
421.0 585.0 3
591.0 101.0 2
410.0 667.8 5
955.0 891.286 2
502.286 525.714 3
768.385 692.385 2
35.0 832.857 5
890.0 410.429 2
418.0 619.2 5
956.0 847.571 2
409.0 690.0 3
439.0 178.5 4
933.0 672.714 2
328.286 188.0 4
854.571 235.571 2
52.2381 740.762 5
384.6 93.6001 5
439.0 327.6 5
647.714 128.0 1
668.143 120.0 1
