345.0 810.0 5
773.5 649.5 3
447.4 486.6 5
774.0 850.0 2
460.0 203.4 5
318.5 149.0 4
382.0 812.0 5
181.0 321.0 5
606.429 137.0 1
171.0 361.667 5
332.0 153.0 4
924.0 790.81 2
146.0 849.667 5
564.429 446.0 3
559.5 843.0 3
464.0 187.5 4
787.154 681.154 2
412.0 769.8 5
156.0 443.0 5
574.0 158.333 2
570.0 185.5 1
295.667 169.0 5
380.6 722.6 5
782.0 848.0 3
606.833 129.0 2
747.0 613.615 2
377.0 146.0 5
409.429 216.0 4
348.429 156.0 4
926.0 919.952 2
907.0 963.0 2
730.095 162.095 2
801.0 715.667 3
157.0 524.333 5
693.0 856.0 3
387.0 733.0 3
476.0 250.6 5
753.0 145.0 1
360.857 197.0 4
271.0 817.0 5
467.286 470.714 3
461.0 439.4 5
149.0 768.333 5
707.0 128.0 1
176.0 894.0 5
662.143 145.0 1
591.0 137.0 1
567.0 232.667 2
613.0 452.0 3
256.0 199.0 5
927.0 876.905 2
588.714 445.0 3
910.0 618.619 2
540.143 449.857 3
364.857 158.0 4
806.0 748.692 2
443.0 489.0 3
392.0 581.0 5
599.5 326.5 2
926.0 833.857 2
491.571 461.0 3
397.714 159.0 4
604.0 849.0 3
599.0 234.0 1
737.5 855.0 3
155.0 687.0 5
896.0 403.381 2
687.048 135.0 2
721.0 120.0 1
156.0 483.667 5
916.0 704.714 2
656.308 513.308 2
690.857 176.143 1
730.0 158.0 1
515.857 454.0 3
414.143 158.0 4
460.0 170.75 4
856.0 886.0 2
632.143 203.857 1
471.0 345.0 5
894.0 935.667 2
278.5 177.0 4
430.571 157.0 4
741.5 151.5 1
148.0 890.333 5
193.667 280.333 5
146.0 809.0 5
618.0 353.0 2
381.286 159.0 4
648.5 853.0 3
424.2 159.0 5
828.667 872.0 2
651.714 192.286 1
617.571 221.429 1
447.0 155.0 4
912.0 661.667 2
385.143 201.143 4
646.714 149.0 1
157.0 931.0 5
771.0 647.385 2
871.286 317.286 2
305.0 145.0 4
816.19 231.19 2
849.238 274.238 2
470.5 819.5 3
909.0 575.571 2
269.0 173.0 4
162.667 402.333 5
312.286 188.0 4
433.714 222.0 4
907.0 489.476 2
157.0 565.0 5
644.0 123.0 2
419.2 533.8 5
573.75 161.25 1
376.0 611.0 3
717.333 583.333 3
568.0 269.833 2
426.0 794.0 3
617.5 382.5 2
909.0 532.524 2
569.5 195.5 2
773.143 194.0 2
156.0 646.333 5
365.0 672.0 3
800.0 714.923 2
200.0 857.0 5
714.846 580.846 2
659.0 518.167 3
156.0 605.667 5
409.0 550.0 3
677.571 140.0 1
476.0 297.8 5
631.286 151.0 1
369.0 628.2 5
225.0 239.667 5
336.571 193.0 4
903.0 446.429 2
463.0 392.2 5
881.333 908.333 2
801.333 861.0 2
570.0 307.0 2
419.0 817.0 5
464.0 204.25 4
612.769 445.769 2
804.167 781.833 3
793.0 816.231 2
921.0 747.762 2
288.0 181.0 4
515.0 835.0 3
618.0 145.857 1
365.0 675.4 5
693.0 134.0 1
628.538 479.538 2
685.0 547.077 2
308.0 811.0 5
599.0 412.0 2
802.0 782.462 2
234.0 827.0 5
886.0 360.333 2
152.0 727.667 5
336.333 153.0 5
458.0 221.0 4
578.75 209.75 1
710.429 165.571 1
671.286 185.0 1
