699.857 128.0 1
198.0 132.0 4
868.333 265.333 2
453.0 183.0 4
94.0 565.952 5
412.0 146.0 4
656.0 393.692 2
767.571 112.571 2
662.0 465.385 2
212.0 136.0 4
796.762 150.762 2
50.0 890.619 5
381.0 150.0 4
443.0 135.0 4
261.125 756.0 5
397.0 690.733 5
343.619 47.0 5
817.0 780.0 2
81.0 887.375 5
920.333 801.0 2
646.429 129.0 1
161.875 800.125 5
474.0 198.067 5
577.0 190.667 2
825.952 188.952 2
658.0 429.538 2
576.0 153.333 2
905.0 494.476 2
112.0 426.81 5
185.0 169.0 4
579.0 228.0 2
577.0 177.0 1
813.0 757.0 3
688.667 545.667 3
453.133 345.867 5
194.0 172.0 4
129.0 287.667 5
648.0 293.25 2
681.077 537.077 2
650.0 322.0 2
451.0 545.0 3
115.0 380.429 5
390.0 40.0 5
671.286 199.0 1
712.923 566.923 2
899.667 801.0 2
430.0 583.0 3
350.0 150.0 4
404.0 221.0 4
51.0 844.238 5
635.5 264.5 2
297.238 69.7619 5
400.0 659.0 3
61.0 751.476 5
901.0 418.095 2
415.0 735.0 3
901.0 456.286 2
793.0 118.0 1
113.25 837.75 5
826.0 149.0 1
211.5 769.5 5
475.0 148.8 5
927.0 647.238 2
753.286 124.714 1
726.571 127.0 1
920.0 570.857 2
749.714 176.0 1
445.0 395.133 5
806.0 114.0 1
607.75 237.75 2
57.0 937.0 5
79.0 658.714 5
576.0 146.0 1
425.0 542.933 5
739.769 602.769 2
451.0 207.0 4
534.571 511.429 3
210.476 148.524 5
941.0 800.0 2
434.0 444.4 5
172.0 194.905 5
469.0 247.333 5
693.19 53.0 2
858.333 794.0 2
882.524 303.524 2
110.0 473.19 5
464.0 296.6 5
310.75 751.0 5
515.5 779.0 3
913.0 532.667 2
103.0 519.571 5
728.333 586.333 3
716.5 797.0 3
593.0 120.0 1
646.0 514.0 3
731.381 75.381 2
400.0 697.0 3
618.143 512.0 3
439.0 231.0 4
257.0 148.0 4
288.0 151.0 4
666.25 799.0 3
562.429 510.0 3
478.857 527.0 3
439.267 54.2666 5
891.714 341.714 2
794.0 672.462 2
229.0 186.0 4
938.0 723.619 2
673.143 129.0 1
586.0 78.6666 2
924.0 609.048 2
413.0 621.0 3
565.75 787.0 3
619.0 223.0 1
655.0 357.846 2
299.0 204.0 4
65.0 705.095 5
590.286 509.0 3
465.25 761.0 3
264.0 196.0 4
176.0 166.0 4
796.0 671.667 3
768.0 629.0 3
723.571 182.0 1
421.0 592.2 5
697.429 189.571 1
334.0 211.0 4
226.0 139.0 4
401.533 641.467 5
251.857 102.143 5
118.0 334.048 5
506.714 517.286 3
814.0 714.333 3
775.857 169.143 1
813.0 744.154 2
655.0 41.0 2
617.667 50.0 2
616.0 794.0 3
452.0 159.0 4
837.667 787.667 2
898.0 379.905 2
879.0 800.0 2
810.0 708.308 2
470.0 99.533 5
814.0 155.0 1
772.615 636.615 2
619.714 127.714 1
360.375 748.0 5
802.0 161.0 1
942.0 761.81 2
55.0 797.857 5
669.0 501.231 2
146.0 241.286 5
932.0 685.429 2
85.0 612.333 5
849.0 227.143 2
319.0 152.0 4
410.0 740.0 5
369.0 215.0 4
766.75 788.0 3
645.143 214.857 1
591.0 208.0 1
577.0 116.0 2
780.0 121.0 1
427.0 493.667 5
