629.0 89.0 2
585.0 379.538 2
134.0 360.714 5
431.0 313.4 5
237.5 718.0 5
274.952 88.0476 5
667.714 184.0 1
820.0 350.81 2
789.381 232.381 2
709.154 564.154 2
559.0 109.0 2
144.333 277.667 5
696.143 180.0 1
833.0 508.714 2
277.286 153.0 4
802.857 271.857 2
859.0 706.095 2
549.25 247.25 2
775.0 163.0 1
424.0 354.6 5
582.429 195.571 1
440.0 189.8 5
753.0 169.0 1
609.857 155.0 1
436.0 181.0 4
114.0 651.381 5
745.5 143.0 1
820.0 833.333 2
144.0 859.0 5
202.905 153.095 5
436.375 686.0 3
554.0 208.0 1
770.905 192.905 2
140.81 319.19 5
686.143 154.0 1
121.0 526.81 5
198.0 164.0 4
423.0 395.8 5
831.0 469.238 2
685.385 533.385 2
117.0 568.333 5
532.0 141.0 2
438.0 148.6 5
580.0 348.769 2
398.0 560.6 5
662.615 502.615 2
729.923 594.923 2
403.0 516.2 3
603.077 441.077 2
116.0 609.857 5
856.0 666.619 2
648.333 490.333 3
434.0 272.2 5
436.0 231.0 5
707.952 121.952 2
427.0 212.0 4
523.0 246.0 2
605.0 444.0 3
546.0 155.5 1
194.0 133.0 4
549.286 439.0 3
398.0 552.4 3
830.0 429.762 2
129.0 443.762 5
430.4 107.4 5
839.0 548.19 2
826.286 390.286 2
554.5 721.0 3
855.0 785.048 2
809.0 802.667 2
410.0 480.0 3
434.5 165.5 4
635.286 155.0 1
435.0 196.5 4
125.0 485.286 5
263.429 181.0 4
390.0 601.8 5
182.0 158.0 4
750.667 719.0 2
393.0 588.6 3
230.714 173.0 4
437.857 454.0 3
475.75 703.0 3
812.0 311.333 2
428.0 150.0 4
167.381 194.619 5
592.0 410.308 2
756.0 682.667 3
559.0 140.0 1
190.0 161.0 4
546.0 190.5 1
754.0 140.0 1
130.0 402.238 5
755.333 634.333 3
316.476 73.5238 5
631.846 471.846 2
113.0 692.905 5
397.857 155.0 4
354.875 663.125 5
233.429 114.0 5
328.857 189.0 4
399.2 71.0 5
584.429 153.0 1
672.625 714.0 3
797.0 772.0 2
743.429 153.429 2
394.0 643.0 5
397.0 661.0 3
720.0 711.0 2
577.143 441.0 3
583.0 291.75 2
748.769 687.231 2
851.0 627.143 2
845.0 824.524 2
639.286 185.0 1
521.429 438.0 3
521.0 176.0 2
610.857 189.0 1
247.143 148.0 4
217.0 141.0 4
393.0 624.8 3
199.375 741.625 5
748.692 625.692 2
689.0 537.667 3
367.714 155.0 4
337.571 157.0 4
109.0 734.429 5
394.286 198.0 4
415.0 437.0 5
543.0 173.0 1
722.0 586.0 3
845.0 587.667 2
296.143 185.0 4
361.571 192.0 4
760.0 656.462 2
712.0 706.0 3
307.429 157.0 4
276.625 693.0 5
493.571 442.0 3
574.5 265.5 2
578.0 318.0 2
110.0 775.952 5
781.333 741.333 2
315.75 678.25 5
737.0 146.0 1
594.0 91.0 2
633.25 719.0 3
515.125 716.0 3
764.0 166.0 1
154.125 819.875 5
154.857 236.143 5
830.0 864.0 2
593.875 722.0 3
121.476 817.476 5
408.0 478.2 5
861.0 745.571 2
724.571 176.0 1
205.5 137.0 4
668.476 99.0 2
465.714 447.0 3
519.0 211.0 2
660.714 156.0 1
403.0 519.4 5
358.0 59.0 5
176.0 780.75 5
711.571 151.0 1
