780.846 610.846 2
921.0 784.81 2
265.0 163.0 4
452.0 227.533 5
449.0 428.2 5
140.714 672.286 5
169.0 597.429 5
879.524 670.524 2
312.143 122.857 5
452.0 347.933 5
415.0 640.2 3
865.0 594.333 2
683.571 183.0 1
715.385 545.385 2
918.0 861.0 2
186.0 522.571 5
204.0 298.0 5
848.0 403.857 2
798.0 743.769 2
335.571 218.0 4
131.0 709.714 5
862.0 556.238 2
308.75 684.0 5
119.0 784.571 5
799.5 178.5 1
636.167 107.0 2
674.0 479.923 2
758.429 196.0 1
191.0 485.143 5
450.0 267.667 5
795.5 742.5 3
633.0 314.5 2
425.0 669.0 5
422.143 249.0 4
739.857 167.143 1
441.0 508.467 5
792.0 151.0 1
697.286 216.0 1
893.619 708.619 2
196.0 372.857 5
153.75 790.25 5
200.0 335.429 5
727.857 207.143 1
274.714 148.286 5
663.0 446.692 2
405.714 193.714 4
908.0 746.714 2
539.875 750.0 3
655.429 187.0 1
470.0 251.75 4
192.5 755.0 5
702.375 769.0 3
611.5 255.5 2
765.0 769.0 2
572.286 478.0 3
870.429 632.429 2
458.625 705.625 3
576.0 215.167 2
789.0 183.0 1
705.095 117.0 2
605.333 124.0 2
277.857 199.0 4
505.143 484.0 3
452.0 147.267 5
154.0 634.857 5
194.0 447.714 5
386.25 680.0 5
428.0 544.8 3
806.0 213.381 2
651.462 413.462 2
819.667 786.0 2
581.0 153.5 2
802.5 637.5 3
822.0 690.0 3
234.0 187.0 4
418.0 588.733 5
255.0 162.0 4
538.714 480.0 3
758.0 587.0 3
349.429 185.0 4
856.0 480.048 2
780.0 156.0 1
874.333 809.0 2
180.0 560.0 5
569.25 248.25 1
928.0 822.905 2
792.333 776.0 2
817.462 710.538 2
245.0 160.0 4
743.0 768.0 3
711.714 177.0 1
599.143 200.0 1
839.667 327.667 2
605.571 246.429 1
667.0 103.0 2
349.571 108.429 5
673.0 486.0 3
571.0 198.0 1
421.0 576.6 3
231.25 721.75 5
415.0 628.867 5
779.286 175.286 2
195.0 410.286 5
476.5 232.5 4
438.0 513.0 3
639.429 481.0 3
451.0 261.0 4
861.0 518.143 2
433.857 197.0 4
627.286 193.714 1
768.0 160.0 1
249.0 190.0 4
115.0 822.0 5
124.857 747.143 5
634.0 282.0 2
270.0 691.0 5
661.75 769.0 3
499.25 730.25 3
306.714 209.0 4
474.25 213.25 4
418.0 672.0 3
810.0 174.0 1
347.5 683.0 5
823.476 251.476 2
808.077 644.077 2
565.0 231.5 1
450.0 388.067 5
690.0 513.154 2
377.571 189.0 4
854.0 441.952 2
576.0 184.333 2
426.4 548.6 5
579.0 246.0 2
565.0 214.75 1
445.0 468.333 5
743.19 141.19 2
666.714 223.0 1
393.286 233.286 4
622.0 347.0 2
580.5 762.5 3
427.133 113.0 5
709.5 538.5 3
387.0 102.0 5
748.615 577.615 2
417.6 608.4 3
462.0 194.0 4
833.0 289.571 2
847.0 794.0 2
843.0 365.762 2
621.125 767.125 3
605.857 477.0 3
471.571 490.429 3
364.429 224.0 4
226.857 223.143 5
455.0 187.4 5
293.143 172.143 4
575.0 265.0 1
822.0 677.308 2
638.0 380.231 2
321.286 179.0 4
241.5 188.5 4
451.0 307.8 5
212.429 260.571 5
900.667 833.667 2
636.143 231.857 1
247.286 185.714 5
