754.0 151.0 1
833.0 280.857 2
98.0 870.25 5
956.0 862.857 2
784.0 836.0 2
402.375 783.375 3
692.0 820.0 3
143.0 416.0 5
563.0 206.25 1
563.0 224.5 1
633.0 235.0 1
357.0 757.0 5
276.857 215.0 4
643.0 381.0 2
323.571 189.0 4
366.571 244.571 4
392.0 532.667 5
329.333 134.0 5
232.0 194.0 4
647.0 457.923 2
443.75 806.75 3
254.429 204.0 4
433.571 520.429 3
265.5 731.0 5
468.143 505.0 3
419.0 227.5 4
572.0 188.0 1
122.0 666.0 5
643.143 191.0 1
411.25 250.75 4
397.0 442.933 5
406.0 553.0 3
871.0 530.286 2
956.0 904.429 2
801.385 762.615 2
556.0 287.0 2
566.0 242.75 1
854.0 364.0 2
735.769 611.769 2
344.143 235.0 4
856.0 405.571 2
746.0 156.0 1
609.25 834.0 3
687.0 827.0 2
75.0 874.333 5
161.0 291.0 5
615.167 128.833 2
392.0 487.8 5
417.25 204.25 4
414.0 398.067 5
700.308 573.308 2
866.0 488.714 2
693.0 567.333 3
916.0 897.5 2
239.0 156.0 4
144.0 374.333 5
407.0 181.0 4
738.0 161.0 1
777.714 197.714 2
737.0 202.0 1
807.0 683.0 3
537.286 502.0 3
818.667 746.333 3
299.286 224.0 4
204.333 207.667 5
148.0 332.667 5
133.25 778.75 5
415.867 135.0 5
250.0 161.0 4
763.923 789.077 2
261.0 166.0 4
581.0 258.0 1
502.714 502.0 3
643.0 419.462 2
246.0 176.0 5
354.0 714.6 3
725.462 809.0 2
131.333 582.667 5
619.429 191.0 1
653.0 126.0 2
637.0 345.75 2
389.0 256.0 4
361.0 755.0 3
944.286 821.286 2
352.0 674.2 3
932.714 779.714 2
694.571 136.0 2
822.0 724.154 2
224.0 187.0 4
557.0 173.5 2
109.0 824.5 5
449.0 218.6 5
97.0 749.333 5
281.857 175.0 4
714.286 171.0 1
653.0 496.385 2
386.143 185.0 4
381.467 577.533 5
832.5 842.0 2
780.0 179.0 1
110.0 707.667 5
86.0 791.0 5
442.733 173.733 5
735.5 831.0 2
125.0 624.333 5
711.0 211.0 1
917.0 738.143 2
526.5 834.0 3
145.0 457.667 5
356.0 712.133 5
445.0 308.333 5
175.0 249.333 5
886.0 655.0 2
554.0 249.167 2
591.25 289.0 2
641.0 508.0 3
351.0 667.267 5
671.846 534.846 2
806.692 685.692 2
441.0 353.2 5
143.0 499.333 5
365.286 189.0 4
659.0 228.0 1
344.429 191.0 4
875.0 571.857 2
360.0 633.8 3
595.714 191.0 1
736.143 160.143 2
361.6 622.4 5
650.625 829.0 3
607.0 245.0 1
79.0 916.0 5
685.0 221.0 1
749.667 620.667 3
448.533 263.467 5
755.333 795.667 3
485.125 824.0 3
666.857 187.143 1
814.0 239.286 2
556.0 211.333 2
378.6 593.4 3
311.25 748.0 5
763.0 191.0 1
287.667 149.0 5
571.857 502.0 3
567.875 836.0 3
371.0 127.0 5
216.0 180.0 4
625.5 310.5 2
774.231 648.231 2
847.0 322.429 2
76.3333 832.667 5
321.714 229.0 4
302.714 183.714 4
771.5 185.0 1
577.333 142.667 2
877.0 613.429 2
606.429 503.0 3
174.0 748.0 5
950.0 946.0 2
902.0 696.571 2
219.75 734.0 5
859.143 447.143 2
138.0 541.0 5
881.0 852.0 2
690.571 180.0 1
