535.0 132.0 2
449.75 705.0 3
574.0 417.0 3
627.0 755.0 2
684.923 699.077 2
242.5 98.0 4
75.0 616.714 5
720.0 119.0 1
412.0 451.8 5
382.0 540.867 5
270.0 79.0 4
321.714 137.0 4
741.0 768.0 2
276.571 114.571 4
326.75 721.0 5
415.0 113.0 4
925.0 708.571 2
389.429 165.0 4
344.286 146.286 4
584.286 109.714 1
299.143 126.143 4
393.0 628.8 3
528.286 406.714 3
563.143 112.857 1
684.0 762.0 2
807.0 230.286 2
261.0 75.0 4
110.0 408.143 5
851.714 389.714 2
65.5714 658.429 5
352.857 102.0 4
710.0 601.154 2
540.0 133.75 1
861.0 429.571 2
350.0 69.0 5
918.0 668.714 2
524.375 727.0 3
924.0 748.429 2
162.25 789.75 5
798.0 777.0 2
565.0 97.0 2
916.0 788.286 2
383.0 584.6 3
62.0 741.857 5
412.0 171.0 4
757.0 150.571 2
290.714 85.0 4
607.857 165.143 1
380.4 585.4 5
819.0 270.143 2
723.0 677.769 2
400.0 673.0 3
119.0 366.429 5
574.125 730.0 3
542.0 114.0 1
885.143 549.143 2
893.0 868.0 2
439.0 184.6 5
668.857 97.0 1
87.0 575.0 5
395.0 496.333 5
366.857 155.857 4
604.923 447.923 2
168.0 199.571 5
565.0 282.5 2
285.625 728.0 5
417.0 407.267 5
526.0 243.0 2
547.0 173.25 1
435.333 273.667 5
639.0 79.0 2
675.0 542.667 3
875.0 509.286 2
419.5 127.5 4
127.0 324.714 5
442.0 229.133 5
647.714 101.0 1
869.0 469.429 2
626.571 105.0 1
664.538 524.538 2
697.571 128.0 1
367.875 718.125 5
602.0 83.0 2
70.0 783.571 5
636.231 486.231 2
712.0 607.0 3
394.533 95.5333 5
224.857 118.143 5
585.429 171.571 1
418.0 156.5 4
551.143 410.143 3
244.5 742.0 5
499.5 720.5 3
897.0 589.0 2
102.0 449.857 5
718.714 114.714 2
266.571 83.4286 5
394.286 108.286 4
127.0 826.875 5
566.0 307.75 2
373.571 105.0 4
605.429 108.0 1
97.0 867.0 5
416.0 362.733 5
630.286 156.714 1
909.0 628.857 2
203.375 761.0 5
482.571 411.0 3
627.333 478.333 3
436.857 429.143 3
391.933 629.933 5
713.0 84.0 1
402.0 674.467 5
525.0 206.0 2
150.0 241.286 5
569.0 371.308 2
96.0 491.571 5
549.25 728.0 3
844.0 818.0 2
652.714 146.286 1
563.0 185.0 1
840.0 349.857 2
690.0 92.0 1
308.286 69.0 5
231.0 93.0 4
254.0 103.0 4
540.0 153.5 1
678.857 88.0 2
332.143 98.0 4
61.0 700.143 5
720.0 639.462 2
91.0 533.286 5
311.429 92.0 4
135.0 283.0 5
505.429 408.0 3
396.8 496.2 3
424.875 693.875 3
426.067 140.067 5
675.143 138.0 1
459.714 419.0 3
570.0 735.0 2
424.8 318.2 5
252.0 70.0 4
474.625 713.0 3
701.5 88.0 1
80.0 825.286 5
414.0 452.0 3
726.0 671.333 3
663.333 710.0 3
745.0 106.0 1
381.0 540.4 3
557.0 333.0 2
551.25 257.25 2
608.308 729.692 2
192.0 157.857 5
732.5 112.5 1
420.0 142.0 4
688.846 562.846 2
829.0 310.0 2
582.0 409.615 2
409.0 719.0 5
599.0 731.0 3
526.0 169.0 2
786.429 190.429 2
646.615 719.0 2
906.0 828.143 2
