219.333 151.667 5
257.0 88.0 4
307.0 81.0 4
148.0 665.0 5
915.0 659.333 2
412.0 107.0 4
641.0 343.0 2
688.286 148.0 1
152.0 571.667 5
649.308 579.308 2
698.167 796.833 3
454.0 99.0 4
646.0 500.538 2
806.0 98.0 1
143.0 711.667 5
591.0 167.0 1
418.0 747.0 5
744.286 91.0 1
138.0 758.333 5
588.0 188.0 2
306.667 84.3333 5
898.0 282.571 2
446.125 818.0 3
480.0 175.0 5
266.5 96.0 4
417.0 794.0 3
656.0 840.0 2
642.0 564.167 3
693.0 680.5 3
504.375 836.0 3
906.0 376.762 2
924.0 847.714 2
169.0 945.0 5
325.25 832.75 5
874.0 944.5 2
457.0 487.0 5
789.5 882.0 2
650.0 831.0 3
398.143 164.0 4
446.0 591.0 5
155.0 478.333 5
714.714 137.0 1
422.0 685.6 3
281.0 69.0 4
169.0 291.667 5
645.0 461.154 2
400.0 59.0 5
665.0 622.333 3
834.0 908.0 2
657.429 108.0 1
470.0 331.0 5
178.0 245.0 5
457.0 435.0 5
609.0 193.0 1
373.714 152.0 4
910.0 470.952 2
916.0 941.905 2
794.0 102.0 1
391.0 110.0 4
300.429 116.0 4
192.25 911.75 5
902.0 989.0 2
294.0 75.0 4
707.0 736.846 2
700.0 697.462 2
908.0 423.857 2
779.0 80.0 1
915.0 612.238 2
679.143 107.0 1
260.0 112.0 5
750.095 83.0952 2
620.875 836.0 3
912.143 565.143 2
465.0 164.5 4
745.0 863.0 2
646.0 539.923 2
562.625 840.0 3
324.857 129.0 4
423.0 695.0 5
478.857 493.143 3
477.0 123.0 5
160.0 385.0 5
475.0 279.0 5
138.0 805.0 5
462.0 383.0 5
645.0 421.769 2
370.0 108.0 4
433.0 103.0 4
627.0 80.0 2
870.0 188.381 2
349.286 141.286 4
465.0 119.5 4
165.0 338.333 5
537.571 455.429 3
292.0 845.0 5
691.385 815.615 2
225.5 883.5 5
685.077 658.077 2
328.0 93.0 4
666.0 618.692 2
912.0 518.048 2
629.0 506.0 3
416.0 739.8 3
646.0 382.385 2
792.0 75.0 1
903.0 329.667 2
434.0 631.4 3
841.286 141.286 2
707.0 738.667 3
150.0 898.333 5
466.0 142.0 4
741.143 126.0 1
590.0 115.0 1
797.19 105.19 2
587.0 226.0 2
619.143 476.143 3
635.0 275.5 2
707.0 776.231 2
700.5 852.0 2
620.75 241.75 2
665.0 68.0 2
195.0 198.333 5
358.5 822.0 5
700.857 104.0 1
479.0 227.0 5
456.0 539.0 5
533.5 839.0 3
449.0 577.2 3
475.25 829.25 3
923.0 800.619 2
462.0 523.0 3
600.0 112.0 2
921.0 753.524 2
661.857 161.143 1
425.0 799.0 5
917.0 706.429 2
156.0 431.667 5
349.0 103.0 4
567.429 448.0 3
591.75 839.0 3
447.0 185.0 4
143.0 851.667 5
587.0 141.0 1
152.0 618.333 5
452.0 75.0 5
276.0 104.0 4
635.429 174.571 1
767.571 114.429 1
766.0 84.0 1
818.0 95.0 1
258.75 862.0 5
353.333 68.0 5
643.0 309.25 2
722.571 98.0 1
153.0 525.0 5
590.0 150.0 2
922.0 894.81 2
507.714 470.286 3
887.476 235.476 2
635.714 105.0 1
391.75 811.0 5
597.286 455.286 3
422.571 175.0 4
614.0 97.0 1
703.0 72.0 2
435.0 643.0 5
