215.0 755.75 5
572.143 403.0 3
668.857 134.0 1
463.0 409.2 5
440.0 485.4 3
581.0 114.75 1
511.0 717.0 3
440.0 154.0 4
455.0 438.0 3
453.133 52.1333 5
769.5 83.5 1
100.0 761.571 5
116.0 582.333 5
749.952 82.0 2
578.0 738.0 3
924.0 839.0 2
632.714 416.0 3
452.857 97.0 4
192.5 802.5 5
649.429 87.0 1
477.0 99.0 4
611.5 744.0 3
861.0 231.857 2
541.857 402.0 3
272.5 95.5 4
125.19 851.19 5
544.5 729.0 3
477.5 698.5 3
174.0 313.476 5
790.429 111.429 2
940.0 798.524 2
955.571 717.571 2
893.286 353.286 2
948.0 636.619 2
641.231 358.231 2
811.0 756.0 2
709.476 55.4762 2
483.0 138.4 5
482.0 273.8 5
318.381 70.619 5
388.0 138.0 4
576.0 155.667 2
781.0 79.0 1
756.0 57.0 1
310.0 109.0 4
442.0 634.867 5
194.0 223.857 5
953.0 677.095 2
951.0 758.048 2
689.714 80.0 1
792.0 655.333 3
727.154 503.154 2
427.0 544.6 5
394.25 664.0 5
752.385 539.385 2
408.0 40.0 5
602.0 172.0 1
771.333 743.0 2
511.571 404.0 3
935.0 555.667 2
441.0 680.0 5
301.75 682.25 5
629.833 45.1666 2
692.0 748.0 2
482.0 115.75 4
678.5 744.5 3
713.429 108.0 1
206.952 179.048 5
148.0 447.905 5
332.143 84.0 4
430.733 589.733 5
308.0 78.0 4
691.143 119.857 1
764.462 718.538 2
404.571 97.5714 4
168.0 358.286 5
100.048 671.952 5
730.0 67.0 1
108.0 806.381 5
794.0 648.077 2
577.0 116.5 2
166.75 849.25 5
780.0 597.5 3
486.0 228.667 5
285.0 71.0 4
645.0 746.0 3
475.0 318.933 5
97.0 716.762 5
261.0 721.0 5
160.0 403.095 5
582.0 234.0 2
430.0 532.8 3
676.0 430.692 2
444.0 675.0 3
890.333 802.333 2
904.762 393.762 2
356.286 90.2857 4
336.0 119.0 4
436.0 499.467 5
184.0 268.667 5
872.0 272.333 2
609.143 94.0 1
107.0 627.143 5
728.231 735.0 2
618.0 322.0 2
439.0 627.6 3
929.0 515.19 2
129.0 537.524 5
467.0 364.067 5
618.0 298.0 2
589.0 97.0 1
624.286 163.714 1
669.571 83.4286 1
663.0 424.0 3
847.381 191.381 2
481.0 132.5 4
731.667 749.0 2
850.667 775.667 2
602.429 407.0 3
484.0 183.533 5
785.846 611.846 2
584.0 135.5 1
791.0 684.308 2
824.0 150.905 2
662.462 394.462 2
139.0 492.714 5
699.923 466.923 2
466.0 161.0 4
923.714 474.714 2
428.714 97.2857 4
149.0 896.0 5
629.286 91.0 1
709.857 74.1429 1
669.0 42.0 2
478.0 93.2667 5
477.75 149.25 4
284.0 98.0 4
347.5 657.0 5
769.833 713.167 3
735.714 98.0 1
914.238 434.238 2
593.667 77.3334 2
753.667 539.667 3
363.19 51.8095 5
646.571 147.429 1
362.0 131.0 4
380.429 95.0 4
606.0 250.0 2
758.0 88.0 1
230.0 134.238 5
942.0 596.143 2
429.0 580.2 3
884.0 312.81 2
296.5 74.5 4
273.571 97.0 5
261.0 93.0 4
414.0 146.0 4
448.0 454.333 5
743.0 62.0 1
714.0 481.833 3
620.0 274.0 2
481.286 413.0 3
772.615 575.615 2
588.25 156.25 1
712.0 740.0 3
576.0 194.833 2
