140.0 597.333 5
236.0 130.0 5
757.833 788.0 2
410.0 398.6 5
587.0 218.0 1
557.0 161.0 1
203.125 798.875 5
421.0 233.0 4
521.0 162.0 2
664.857 137.143 1
321.333 81.6667 5
784.667 796.667 2
162.0 384.0 5
554.25 223.0 2
298.25 731.75 5
422.0 133.4 5
135.0 682.667 5
153.0 469.333 5
533.571 451.0 3
651.0 535.692 2
641.5 801.0 3
643.286 146.0 1
629.0 78.0 2
563.0 230.0 1
587.0 458.0 3
673.0 566.667 3
669.81 93.0 2
176.75 831.25 5
560.286 452.0 3
573.0 393.231 2
710.619 129.619 2
406.0 442.8 5
357.571 160.571 4
594.462 464.462 2
388.0 535.2 3
708.0 121.0 1
552.0 783.0 3
863.81 857.19 2
179.0 256.0 5
138.0 640.0 5
340.857 196.0 4
287.429 170.429 4
233.5 768.5 5
133.0 768.0 5
149.0 512.0 5
453.429 459.0 3
430.0 169.0 4
729.154 678.154 2
707.0 157.0 1
853.0 898.0 2
439.0 185.0 4
676.0 571.308 2
868.0 816.381 2
242.0 110.0 4
686.429 129.571 1
278.667 104.0 5
364.6 619.6 5
462.5 756.0 3
808.5 817.5 2
371.0 663.8 5
538.0 130.0 2
597.0 82.0 2
401.0 496.0 3
519.0 194.0 2
731.0 731.167 3
589.25 286.75 2
373.0 692.0 3
363.0 708.0 5
728.0 786.0 3
517.0 226.0 2
809.0 367.476 2
435.0 217.0 4
818.0 408.286 2
234.0 140.0 4
850.0 612.333 2
425.0 221.8 5
426.714 469.286 3
697.923 606.923 2
309.286 139.0 4
227.0 135.0 4
368.0 652.8 3
542.0 194.5 1
149.0 853.333 5
748.0 134.0 1
635.0 192.0 1
203.333 170.667 5
578.571 158.429 1
870.0 775.571 2
144.0 554.667 5
440.0 201.0 4
426.0 266.0 5
424.0 177.6 5
403.0 487.0 5
739.5 138.5 1
425.0 310.2 5
251.5 115.0 4
372.0 574.4 3
163.375 863.625 5
871.0 734.762 2
405.857 168.0 4
133.0 725.333 5
824.0 449.095 2
394.286 224.286 4
549.25 212.25 1
395.0 531.2 5
795.0 285.857 2
577.0 322.0 2
406.2 89.2 5
367.571 205.571 4
220.0 130.0 4
726.0 676.333 3
621.714 152.0 1
363.6 613.6 3
156.333 426.667 5
734.0 713.769 2
506.857 452.0 3
828.0 489.905 2
747.429 163.429 2
565.0 99.0 2
833.714 530.714 2
373.0 575.4 5
784.0 245.048 2
574.0 357.615 2
260.714 152.714 4
172.333 298.667 5
411.0 354.4 5
480.143 453.0 3
585.5 249.5 2
330.625 724.0 5
333.429 150.0 4
574.0 428.846 2
314.143 183.0 4
543.25 176.75 1
417.75 731.75 3
827.0 844.333 2
265.875 745.125 5
767.238 204.238 2
636.0 511.83299999999997 3
863.0 653.143 2
625.077 500.077 2
731.0 143.0 1
140.0 810.667 5
840.0 571.524 2
718.0 116.0 1
381.714 166.0 4
716.0 642.538 2
167.0 341.333 5
364.0 78.0 5
686.25 805.0 3
187.0 213.333 5
683.0 168.0 1
659.0 180.0 1
600.143 155.0 1
596.75 792.0 3
728.0 110.0 1
839.167 871.167 2
261.0 120.0 4
285.143 129.0 4
731.0 785.0 2
801.0 326.667 2
733.0 749.385 2
706.0 621.5 3
156.0 896.0 5
507.25 770.0 3
611.0 204.0 1
869.0 693.952 2
