430.0 585.0 3
655.286 86.0 1
674.429 83.0 1
286.0 101.0 4
189.0 873.0 5
495.0 138.5 4
431.0 576.2 5
156.0 707.476 5
835.0 171.619 2
426.0 632.0 3
160.0 624.714 5
636.0 417.0 3
563.143 430.0 3
479.0 377.8 5
663.0 443.385 2
158.857 748.857 5
774.0 98.0 1
611.714 419.0 3
186.0 417.81 5
870.0 335.238 2
447.6 46.0 5
471.857 104.0 4
497.0 129.8 5
636.5 259.5 2
602.0 126.0 1
438.0 679.0 3
449.857 148.857 4
470.0 427.4 5
184.0 459.19 5
458.0 726.0 3
624.25 237.25 2
896.0 834.667 2
628.0 304.0 2
299.0 105.0 4
713.077 513.077 2
635.0 373.692 2
187.0 376.429 5
466.0 491.0 3
727.0 534.0 3
165.0 583.333 5
230.25 799.75 5
668.75 767.0 3
809.0 87.0 1
232.476 169.524 5
538.857 439.143 3
636.857 143.143 1
884.952 457.952 2
693.571 80.4286 1
636.143 91.0 1
728.286 111.714 1
609.667 54.3334 2
932.0 703.381 2
305.5 763.0 5
844.0 777.0 2
638.0 281.75 2
399.429 90.0 4
595.667 179.333 2
598.5 765.0 3
605.0 141.0 1
731.857 76.0 1
494.0 229.0 5
916.0 867.0 2
267.875 776.125 5
447.714 96.7143 4
191.0 293.667 5
489.0 278.6 5
398.0 45.0 5
778.0 722.154 2
811.667 768.0 2
733.905 62.0 2
375.286 89.0 4
441.0 526.6 5
740.923 547.923 2
792.0 652.462 2
777.0 62.0 1
528.25 755.25 3
693.0 39.0 2
703.875 767.0 3
779.333 763.0 2
475.0 160.0 4
785.5 709.5 3
682.0 478.231 2
684.5 475.5 3
490.286 467.714 3
315.238 89.7619 5
884.0 417.048 2
900.0 539.762 2
926.476 662.476 2
614.0 156.0 1
659.714 128.0 1
327.0 80.0 4
187.0 335.048 5
300.0 74.0 4
423.571 92.5714 4
604.0 218.0 2
356.619 63.381 5
441.0 675.4 5
202.0 835.375 5
343.125 740.875 5
931.0 744.286 2
617.0 96.0 1
879.143 376.143 2
633.625 766.0 3
484.0 328.2 5
791.5 92.5 1
349.286 122.286 4
424.714 139.0 4
374.429 130.0 4
380.75 726.0 5
682.571 121.0 1
273.857 130.143 5
498.0 125.75 4
493.125 743.0 3
751.0 72.0 1
461.0 477.0 5
867.333 294.333 2
591.0 137.667 2
444.0 538.0 3
487.75 150.25 4
157.0 666.095 5
850.524 212.524 2
874.333 802.333 2
587.429 423.0 3
499.0 179.4 5
712.714 78.0 1
324.143 113.143 4
909.0 580.667 2
210.095 210.905 5
456.0 725.0 5
175.0 831.619 5
705.429 117.0 1
928.0 785.19 2
313.5 77.0 4
604.0 111.0 1
651.333 33.0 2
399.571 135.0 4
637.0 408.538 2
747.0 757.0 2
781.0 617.615 2
792.0 651.0 3
351.143 85.0 4
764.0 582.769 2
774.81 94.0 2
496.0 113.0 4
594.0 96.0 2
181.0 500.571 5
926.0 826.095 2
813.714 130.714 2
739.0 758.0 3
418.375 722.0 5
860.429 253.429 2
198.714 252.286 5
769.5 592.5 3
790.0 687.308 2
273.0 97.0 4
764.0 67.0 1
489.0 80.2 5
563.375 761.0 3
428.0 625.8 5
514.571 450.0 3
751.143 104.0 1
167.0 790.238 5
891.0 498.857 2
917.0 621.571 2
174.0 541.952 5
634.0 338.846 2
