685.25 747.0 3
776.0 672.0 3
133.0 549.048 5
547.625 751.0 3
886.333 772.333 2
416.0 531.867 5
366.143 146.0 4
820.667 737.0 2
814.0 237.286 2
304.0 130.0 4
787.833 728.0 2
578.0 239.0 1
404.0 647.4 3
386.857 150.0 4
324.5 675.0 5
585.0 293.0 2
706.923 559.923 2
407.571 153.571 4
861.571 421.571 2
403.6 574.4 5
897.0 569.0 2
853.5 750.0 2
442.0 319.2 5
784.0 683.308 2
426.0 702.0 5
687.714 193.0 1
250.143 168.857 5
640.0 467.385 2
407.533 113.533 5
589.0 133.333 2
101.095 664.905 5
688.857 156.143 1
571.0 240.333 2
414.0 540.6 3
458.0 173.5 4
770.0 163.0 1
160.0 394.571 5
711.429 150.0 1
742.571 175.0 1
827.143 274.143 2
564.714 443.0 3
843.0 347.857 2
605.429 222.0 1
408.0 659.467 5
571.0 276.0 2
598.0 344.0 2
929.0 716.429 2
430.0 446.8 5
559.0 180.75 1
400.0 611.8 3
877.0 495.286 2
643.714 168.0 1
768.571 166.571 2
460.0 187.0 4
403.0 576.2 3
104.75 807.25 5
200.0 240.095 5
502.429 447.0 3
734.0 141.0 1
433.0 361.733 5
79.0 780.762 5
609.0 405.692 2
621.143 172.0 1
726.0 586.0 3
784.0 714.154 2
83.0 742.143 5
658.0 98.0 2
78.0 819.381 5
76.0 858.0 5
375.25 689.0 5
946.0 827.0 2
130.5 756.5 5
852.0 384.714 2
755.0 728.0 2
459.0 200.5 4
576.0 169.0 1
410.0 683.0 3
909.0 605.857 2
715.143 184.0 1
441.067 149.067 5
449.0 160.0 4
597.0 327.0 2
217.524 201.476 5
326.381 110.0 5
287.762 134.238 5
627.0 457.0 3
749.615 621.615 2
378.429 193.0 4
182.286 278.714 5
404.286 199.0 4
451.0 276.667 5
149.0 471.81 5
471.286 458.0 3
598.571 173.0 1
922.0 679.571 2
175.0 317.333 5
455.875 720.0 3
595.857 449.0 3
154.81 433.19 5
501.75 742.0 3
275.0 156.0 4
754.0 629.0 3
666.286 162.0 1
352.571 184.0 4
533.571 440.0 3
622.333 107.0 2
252.0 147.0 4
168.0 355.952 5
453.0 191.6 5
938.286 753.286 2
916.167 803.167 2
142.0 510.429 5
746.0 135.0 1
324.714 136.0 4
639.375 752.0 3
273.75 673.0 5
326.714 176.0 4
887.0 532.143 2
728.769 590.769 2
122.0 587.667 5
554.0 201.5 1
289.0 124.0 4
837.0 311.0 2
626.538 436.538 2
731.125 736.0 3
660.286 202.714 1
666.0 500.0 3
575.0 169.0 2
263.5 151.5 4
300.857 167.0 4
870.0 458.429 2
455.0 214.0 4
401.0 616.933 5
731.714 134.714 2
796.429 200.429 2
440.143 473.857 3
592.0 310.0 2
915.0 642.714 2
946.0 790.143 2
420.0 505.0 3
779.5 157.5 1
600.0 374.846 2
685.077 529.077 2
768.462 652.462 2
428.286 158.0 4
758.0 128.0 1
663.0 498.231 2
695.0 543.0 3
789.0 152.0 1
572.0 204.667 2
345.429 141.429 4
110.0 626.286 5
593.5 755.0 3
365.0 101.0 5
430.143 205.0 4
694.857 110.857 2
455.0 234.133 5
777.0 715.0 3
426.0 489.333 5
560.0 222.25 1
91.0 703.524 5
430.0 404.267 5
172.25 713.75 5
274.0 118.0 4
223.0 682.0 5
632.857 212.0 1
