626.333 90.0 2
272.0 144.0 4
627.429 188.0 1
416.571 204.571 4
451.0 161.25 4
600.667 101.333 2
479.0 271.667 5
587.0 125.0 2
784.167 737.0 2
435.0 396.867 5
419.0 563.8 3
671.0 500.923 2
167.0 384.095 5
583.0 150.667 2
146.0 634.762 5
714.286 156.0 1
409.0 625.4 3
207.5 716.5 5
662.0 404.462 2
324.0 127.0 4
308.75 684.75 5
690.19 108.19 2
292.5 115.0 4
711.5 737.5 3
799.762 207.762 2
652.0 90.0 2
438.0 209.0 4
745.5 139.0 1
870.667 798.667 2
719.0 596.0 3
682.0 533.077 2
649.571 139.0 1
755.0 726.0 2
241.25 695.75 5
220.0 205.048 5
752.0 677.333 3
885.0 551.476 2
137.0 742.19 5
275.0 683.0 5
704.0 120.0 1
414.0 687.0 3
342.5 694.0 5
144.0 670.571 5
736.0 144.0 1
305.0 119.0 4
422.0 480.333 5
456.5 705.5 3
253.762 171.238 5
323.381 104.0 5
740.0 629.538 2
539.857 465.0 3
643.0 275.25 2
173.75 744.25 5
595.143 151.0 1
692.571 165.0 1
581.0 202.0 2
200.143 240.857 5
658.0 372.308 2
832.143 284.143 2
725.0 110.0 1
395.143 192.0 4
652.0 340.154 2
418.2 563.8 5
424.0 438.6 5
438.0 145.0 4
815.952 245.952 2
714.5 115.0 1
280.0 111.0 4
879.0 513.286 2
721.385 597.385 2
668.0 468.769 2
623.5 242.5 2
909.0 857.0 2
651.0 308.0 2
434.0 533.0 3
288.571 136.429 5
288.0 151.0 4
156.0 563.143 5
631.429 143.0 1
330.857 168.0 4
584.0 739.0 3
575.0 189.0 1
141.0 706.381 5
666.0 436.615 2
581.0 176.333 2
577.0 153.0 1
410.2 656.2 3
754.0 718.0 3
848.0 322.333 2
667.714 134.0 1
373.714 182.714 4
362.0 140.0 4
453.0 502.286 3
376.25 707.75 5
918.0 818.81 2
256.0 138.0 4
410.0 689.0 5
170.0 348.286 5
541.5 730.5 3
187.333 276.667 5
728.381 139.0 2
669.0 747.0 3
741.667 636.667 3
755.0 134.0 1
894.0 827.833 2
163.0 527.333 5
903.0 704.238 2
419.0 145.0 4
352.286 175.0 4
149.0 598.952 5
499.0 720.0 3
855.0 360.524 2
632.0 474.0 3
663.667 514.667 3
359.19 89.0 5
670.857 172.0 1
164.0 419.905 5
410.0 647.267 5
454.0 177.5 4
381.0 143.0 4
701.231 565.231 2
400.0 145.0 4
584.0 201.0 1
142.0 778.0 5
913.0 742.429 2
626.5 745.5 3
570.571 465.0 3
165.0 491.524 5
412.0 605.533 5
895.0 627.857 2
571.0 165.0 1
590.75 231.0 2
685.857 127.143 1
861.0 398.714 2
309.429 160.429 4
613.286 148.0 1
766.571 170.0 2
874.0 475.095 2
750.0 661.692 2
693.333 555.333 3
478.429 480.571 3
176.524 312.476 5
842.5 771.5 2
477.0 229.933 5
509.143 470.0 3
164.0 455.714 5
449.0 355.133 5
413.0 594.6 3
896.048 666.048 2
918.0 780.619 2
473.6 313.4 5
395.0 86.0 5
891.667 589.667 2
813.333 750.333 2
571.0 177.0 1
436.733 105.0 5
473.0 188.2 5
601.286 468.0 3
452.0 193.75 4
343.0 134.0 4
868.905 436.905 2
649.143 178.0 1
429.0 522.067 5
464.0 146.467 5
605.714 196.0 1
755.0 693.846 2
