178.0 343.571 5
618.571 191.0 1
676.333 457.333 3
644.0 419.0 3
675.143 183.0 1
492.0 688.0 3
525.143 410.0 3
863.524 529.524 2
149.0 580.571 5
776.381 168.381 2
884.0 649.905 2
852.0 659.0 2
593.0 314.0 2
209.0 208.143 5
760.231 544.231 2
834.048 379.048 2
730.19 108.19 2
810.0 258.667 2
319.571 188.0 4
776.0 142.0 1
856.0 499.429 2
814.667 610.667 3
445.0 200.25 4
446.0 181.5 4
372.0 568.8 3
443.0 399.8 5
604.333 92.0 2
241.0 127.0 4
379.143 147.0 4
703.429 176.571 1
547.667 155.333 2
177.625 693.375 5
598.857 146.0 1
206.25 672.75 5
760.0 150.0 1
731.714 169.0 1
460.6 317.4 5
686.154 468.154 2
641.769 416.769 2
614.286 410.0 3
860.0 665.0 2
149.0 716.0 5
637.167 77.0 2
562.0 191.0 1
818.0 288.762 2
139.0 682.143 5
145.0 614.429 5
233.0 161.0 4
563.0 166.0 1
713.667 495.667 3
606.0 690.0 3
782.923 569.923 2
465.714 427.286 3
438.0 441.0 5
801.0 228.571 2
328.286 154.0 4
472.0 193.8 5
742.0 123.0 1
584.571 408.0 3
622.714 149.0 1
171.0 411.286 5
241.0 140.429 5
777.0 671.0 3
190.0 275.857 5
349.375 644.0 5
167.0 445.143 5
821.308 621.308 2
369.0 69.0 5
541.0 188.167 2
160.0 512.857 5
290.714 179.0 4
792.0 135.0 1
834.0 649.0 3
770.0 108.0 1
844.0 653.0 2
646.857 188.0 1
625.077 391.077 2
549.0 690.0 3
604.0 246.5 2
154.0 546.714 5
302.857 147.857 4
444.4 111.4 5
670.429 147.0 1
881.0 589.714 2
791.476 198.476 2
876.0 675.0 2
140.0 648.286 5
840.0 409.143 2
565.0 153.5 1
267.429 106.571 5
577.75 219.75 2
395.6 523.4 5
785.333 572.333 3
602.0 280.25 2
223.0 174.286 5
756.0 116.0 1
197.0 242.0 5
836.0 647.0 2
495.429 415.0 3
211.0 152.0 4
670.0 74.0 2
590.286 192.0 1
292.125 643.0 5
378.0 647.0 5
366.0 607.4 3
410.2 77.0 5
663.0 685.0 3
544.0 221.0 2
301.286 84.0 5
562.0 178.5 1
720.0 678.0 3
353.714 152.0 4
406.143 216.143 4
430.0 144.0 4
230.0 121.0 4
750.0 534.0 3
883.0 619.81 2
252.0 132.0 4
416.0 491.6 3
183.0 309.714 5
803.0 595.615 2
663.462 442.462 2
646.571 150.0 1
436.0 453.0 3
710.846 492.846 2
320.75 642.0 5
277.429 143.0 4
851.0 469.333 2
824.0 318.857 2
419.0 482.2 5
845.0 439.238 2
435.0 678.0 3
175.571 377.429 5
234.875 656.0 5
755.286 138.286 2
600.0 339.692 2
435.0 219.0 4
478.0 235.0 5
448.0 358.6 5
575.0 141.0 1
263.5 645.5 5
391.8 530.2 3
884.0 680.0 2
443.0 162.75 4
694.286 142.714 1
348.429 198.0 4
868.0 670.0 2
377.286 209.0 4
374.4 564.6 5
829.0 348.952 2
165.0 479.0 5
474.8 276.2 5
736.538 518.538 2
577.5 122.5 2
261.857 168.0 4
700.095 86.0 2
460.0 152.6 5
222.0 156.0 4
610.0 365.385 2
366.0 605.8 5
335.143 73.8571 5
554.857 407.0 3
718.143 136.0 1
404.571 143.0 4
378.0 646.0 3
872.0 559.619 2
