417.4 578.6 5
699.0 629.0 3
576.462 409.462 2
708.0 645.154 2
264.0 214.0 4
678.231 586.231 2
820.0 395.0 2
137.0 567.0 5
311.143 116.857 5
577.429 170.0 1
659.769 556.769 2
380.75 704.0 5
229.0 183.0 4
573.0 355.0 2
139.714 493.286 5
438.0 414.067 5
722.0 672.0 3
718.0 158.0 1
563.571 489.571 3
603.0 468.385 2
746.0 758.0 3
705.625 771.0 3
348.0 112.0 5
554.0 167.0 1
811.0 319.0 2
463.375 734.375 3
439.0 290.667 5
302.25 712.75 5
842.0 623.0 2
434.0 496.333 5
380.0 239.0 4
423.0 709.0 3
128.429 677.571 5
389.133 128.133 5
417.0 167.267 5
112.0 825.0 5
200.571 198.429 5
136.0 603.857 5
743.0 733.538 2
862.0 775.0 2
828.0 471.0 2
512.143 490.857 3
678.0 586.0 3
460.714 501.0 3
589.286 492.0 3
532.0 207.0 2
846.0 661.0 2
412.0 192.0 4
568.0 380.0 2
824.0 433.0 2
435.0 519.0 3
416.0 595.0 3
223.75 729.25 5
850.0 699.0 2
134.0 640.714 5
578.0 330.0 2
434.0 455.2 5
202.0 183.0 4
536.0 168.0 2
585.571 234.0 1
545.0 285.0 2
616.0 497.846 2
771.0 186.0 1
636.714 205.286 1
697.0 136.0 2
486.429 494.571 3
589.0 438.923 2
191.0 204.0 4
351.0 230.0 4
409.0 619.733 5
263.0 719.0 5
155.0 309.0 5
277.571 183.0 4
754.0 763.0 2
350.429 189.0 4
341.5 707.0 5
831.0 812.0 2
253.286 183.0 4
857.0 737.0 2
428.0 208.4 5
687.857 197.0 1
694.571 158.0 1
503.75 749.75 3
415.0 671.0 3
624.286 166.0 1
838.0 585.0 2
108.0 788.143 5
771.0 205.0 2
184.5 753.5 5
843.5 831.5 2
430.0 537.467 5
145.0 382.714 5
274.286 132.714 5
206.0 206.0 4
624.875 770.0 3
854.0 851.0 2
755.0 187.0 1
652.0 543.0 3
831.0 509.0 2
739.0 188.0 1
732.5 157.0 1
773.5 769.5 2
293.0 220.0 4
665.25 773.0 3
149.0 345.857 5
600.857 168.0 1
647.714 162.286 1
413.0 232.0 4
544.0 208.5 1
143.0 419.571 5
326.143 188.0 4
423.0 557.0 3
611.143 216.0 1
138.0 530.143 5
175.714 235.286 5
723.615 674.615 2
621.0 103.0 2
861.0 813.0 2
547.0 229.25 1
804.0 281.0 2
440.0 331.8 5
693.0 615.692 2
735.077 704.077 2
420.0 702.0 5
615.0 500.0 3
537.857 488.0 3
544.125 758.0 3
544.0 187.75 1
793.0 779.0 2
374.714 183.0 4
237.429 161.571 5
568.0 305.0 2
414.0 660.867 5
411.0 633.0 3
215.5 183.0 4
747.0 157.0 1
636.0 527.308 2
584.5 765.0 3
560.0 250.0 1
141.0 456.429 5
114.0 751.286 5
163.857 272.143 5
235.0 210.0 4
120.571 714.429 5
440.0 372.933 5
145.25 786.75 5
582.0 105.0 2
662.286 202.0 1
816.0 357.0 2
434.0 249.533 5
547.0 129.0 2
535.0 246.0 2
735.0 169.0 2
414.0 212.0 4
812.5 793.5 2
322.0 225.0 4
671.143 159.0 1
790.0 243.0 2
659.0 111.0 2
834.0 547.0 2
409.0 252.0 4
198.5 205.0 4
301.857 185.0 4
713.429 192.0 1
399.0 175.0 4
740.0 715.0 3
