675.0 728.0 3
294.143 123.0 4
664.923 520.923 2
442.0 145.4 5
221.0 107.0 4
160.0 244.429 5
810.0 839.0 2
142.0 505.857 5
587.0 265.5 2
403.8 59.0 5
679.0 135.0 1
587.308 384.308 2
853.0 585.667 2
325.5 692.0 5
151.0 288.0 5
131.0 723.714 5
836.0 419.762 2
540.0 171.25 1
431.0 152.75 4
607.25 734.0 3
531.0 417.0 3
584.333 59.0 2
415.0 458.0 3
160.429 854.429 5
435.0 434.0 3
584.0 290.75 2
548.0 225.0 2
145.857 810.857 5
387.0 633.2 3
846.0 793.048 2
385.0 548.6 5
300.286 158.0 4
182.0 859.25 5
591.429 115.0 1
443.0 190.2 5
711.0 657.538 2
345.286 130.286 4
665.571 102.0 1
629.333 467.333 3
724.0 753.0 2
693.0 572.0 3
616.143 111.0 1
640.857 106.143 1
539.0 151.667 2
835.0 834.524 2
397.0 503.8 5
422.0 135.0 4
604.0 152.0 1
547.667 79.0 2
483.0 419.0 3
579.0 426.0 3
176.0 200.857 5
537.0 153.5 1
382.571 179.0 4
410.0 459.0 5
855.0 751.571 2
684.077 555.077 2
579.0 167.0 1
135.0 636.571 5
662.476 60.4762 2
268.571 119.0 4
426.0 188.25 4
554.0 182.0 1
820.0 336.81 2
841.0 461.238 2
642.769 486.769 2
536.0 135.75 1
723.5 92.5 1
437.875 694.0 3
761.0 773.0 2
286.75 713.25 5
704.0 129.0 1
827.0 876.0 2
271.857 75.1429 5
327.714 165.0 4
137.0 593.0 5
459.0 423.0 3
702.0 691.692 2
684.154 721.0 2
197.714 157.286 5
133.0 680.143 5
396.429 136.0 4
146.0 375.143 5
436.0 279.8 5
641.125 735.0 3
412.0 369.4 5
711.0 623.385 2
856.0 668.619 2
315.429 56.0 5
229.286 113.714 5
370.857 133.0 4
857.0 627.143 2
702.0 87.9524 2
141.0 549.429 5
599.462 418.462 2
687.0 737.0 2
729.0 122.0 1
505.625 717.0 3
507.0 417.0 3
543.0 188.333 2
410.0 196.0 4
364.25 683.75 5
801.0 253.857 2
700.0 589.231 2
828.0 378.286 2
143.0 462.286 5
573.375 730.0 3
386.0 593.4 5
616.615 452.615 2
581.0 350.154 2
422.0 324.6 5
243.0 114.0 4
133.0 767.286 5
412.0 414.2 5
654.0 140.0 1
355.143 170.143 4
539.5 725.0 3
176.0 898.0 5
650.0 729.0 2
708.333 624.333 3
232.0 111.0 4
392.0 638.2 5
212.0 134.0 4
206.0 132.0 4
272.857 153.0 4
404.0 677.0 3
383.4 545.6 3
245.429 146.0 4
403.0 683.0 5
382.0 589.4 3
576.0 316.0 2
736.429 129.429 2
573.25 241.25 2
555.0 420.0 3
706.333 676.667 3
432.0 100.6 5
732.0 90.0 1
856.0 710.095 2
537.0 115.0 2
195.0 820.5 5
542.0 118.0 1
791.0 802.0 2
665.667 519.667 3
250.0 743.0 5
766.0 170.905 2
319.714 127.714 4
629.0 145.0 1
440.0 235.0 5
147.0 331.571 5
359.0 47.0 5
811.0 295.333 2
789.0 212.381 2
690.286 99.0 1
850.0 544.19 2
566.714 118.0 1
144.0 418.714 5
397.0 501.8 3
738.0 119.0 1
218.0 136.0 4
747.0 116.0 1
471.75 706.0 3
715.0 95.0 1
220.0 781.75 5
621.0 52.0 2
431.0 170.5 4
846.0 502.714 2
