465.0 178.4 5
328.857 117.0 4
590.0 209.0 1
436.0 197.0 4
420.286 137.0 4
446.0 632.0 3
834.333 745.333 2
681.0 719.0 3
306.0 111.0 4
387.0 87.0 5
881.0 779.0 2
856.0 531.0 2
638.0 253.0 2
655.769 385.769 2
839.0 318.429 2
431.0 488.8 5
358.0 167.0 4
634.0 135.0 1
612.0 137.0 1
630.0 321.0 2
431.0 492.8 3
577.0 190.25 1
479.0 158.75 4
258.0 123.0 4
103.0 820.0 5
867.0 601.857 2
149.0 437.619 5
499.571 381.429 3
94.0 743.524 5
828.0 247.571 2
787.0 125.0 1
845.0 389.286 2
642.385 353.385 2
776.0 131.0 1
531.143 376.0 3
822.0 731.0 3
397.429 135.0 4
292.5 107.0 4
640.0 177.0 1
425.8 101.8 5
540.0 679.0 3
174.0 322.905 5
707.429 91.0 2
471.0 217.2 5
590.0 131.0 1
348.762 95.0 5
158.5 730.5 5
562.714 379.0 3
306.0 145.0 4
670.0 418.154 2
740.0 145.0 1
96.0 667.048 5
817.0 673.231 2
871.667 772.667 2
727.0 515.308 2
843.0 353.857 2
616.0 221.0 2
862.333 766.0 2
879.0 708.143 2
754.5 104.5 1
374.571 129.571 4
436.0 644.0 5
481.0 177.5 4
389.75 637.0 5
765.0 100.0 1
656.429 422.429 3
251.0 666.0 5
466.0 140.0 4
211.81 208.19 5
477.0 196.25 4
702.0 482.923 2
854.0 495.571 2
884.0 743.571 2
310.524 110.0 5
297.25 650.0 5
93.0 705.286 5
139.0 475.857 5
423.0 539.2 3
472.0 333.6 5
834.0 283.0 2
683.0 450.538 2
124.0 773.75 5
166.0 361.143 5
120.0 552.333 5
744.0 109.0 1
634.0 709.0 3
803.0 608.462 2
474.0 256.0 5
235.048 169.952 5
443.143 140.0 4
656.0 130.0 1
678.0 128.0 1
875.0 672.714 2
332.0 157.0 4
98.0 781.762 5
765.0 137.0 1
775.0 735.0 3
680.0 454.0 3
580.0 181.167 2
440.0 605.2 5
442.0 450.0 5
582.0 209.0 2
853.0 760.0 2
700.0 124.0 1
843.667 752.667 2
728.0 729.0 3
849.0 424.714 2
457.0 411.2 5
594.286 387.0 3
343.5 639.0 5
792.0 590.0 3
462.0 211.0 4
820.0 684.0 3
820.615 705.615 2
615.0 190.0 1
475.0 294.8 5
722.0 117.0 1
102.0 628.81 5
715.0 155.0 1
717.0 501.0 3
644.167 85.8334 2
810.0 637.0 3
493.0 658.0 3
742.857 112.857 2
781.077 576.077 2
468.0 400.0 3
470.0 372.4 5
204.75 694.25 5
433.0 585.6 3
595.5 125.5 2
280.0 134.0 4
690.0 163.0 1
757.0 546.0 3
451.6 139.6 5
583.667 153.333 2
861.0 566.429 2
587.0 696.0 3
852.0 460.143 2
807.0 176.714 2
580.0 150.75 1
665.0 171.0 1
577.0 170.5 1
182.333 284.667 5
447.6 446.4 3
871.0 637.286 2
422.0 527.6 5
639.0 287.0 2
157.0 399.381 5
430.0 566.4 5
410.0 184.0 4
616.333 99.667 2
272.286 133.714 5
384.0 175.0 4
672.0 84.0 2
778.286 144.0 2
753.692 544.692 2
817.143 212.143 2
811.846 640.846 2
351.714 123.0 4
194.571 246.429 5
825.0 738.0 2
129.0 514.095 5
111.0 590.571 5
279.0 103.0 4
269.0 128.0 4
625.857 399.857 3
