611.0 408.385 2
163.0 367.0 5
145.0 520.333 5
150.0 482.0 5
363.286 164.0 4
398.571 220.0 4
452.0 261.333 5
748.5 148.5 1
646.857 144.143 1
673.167 495.167 3
557.0 230.0 1
578.714 160.714 1
108.0 750.333 5
447.857 445.0 3
379.0 612.933 5
407.0 495.733 5
582.0 301.0 2
402.0 498.4 3
246.0 171.0 4
441.0 181.25 4
441.0 199.5 4
747.5 593.5 3
261.0 148.0 4
191.125 715.875 5
544.5 174.5 1
507.571 436.0 3
175.667 290.333 5
704.154 531.154 2
556.0 158.0 1
440.0 163.0 4
817.0 788.5 2
638.0 86.0 2
777.0 746.0 2
850.0 719.857 2
764.0 623.231 2
341.667 95.3333 5
547.5 211.5 1
679.25 746.0 3
770.667 642.667 3
458.0 183.2 5
537.429 437.0 3
125.0 635.333 5
791.833 760.833 2
599.0 89.0 2
204.333 213.667 5
106.0 712.0 5
547.0 226.0 2
230.5 690.0 5
586.0 324.0 2
824.0 380.429 2
774.857 191.857 2
113.0 673.667 5
347.714 205.0 4
337.714 162.714 4
636.286 194.0 1
168.0 328.667 5
669.571 140.0 1
269.875 674.0 5
286.571 153.0 4
583.429 217.571 1
296.857 186.857 4
851.0 757.571 2
601.429 156.571 1
846.0 682.143 2
419.067 108.067 5
836.0 531.286 2
831.167 818.167 2
388.857 168.0 4
712.0 544.333 3
549.0 148.0 2
630.375 741.0 3
438.0 339.467 5
677.462 500.462 2
750.143 154.143 2
836.0 569.0 2
446.0 144.133 5
225.0 167.0 4
151.75 748.25 5
829.0 418.143 2
584.0 347.0 2
567.286 441.0 3
731.0 123.0 1
836.0 606.714 2
806.667 773.667 2
692.286 134.0 1
652.769 469.769 2
434.875 681.875 3
837.0 644.429 2
108.0 788.667 5
428.0 417.6 5
424.0 231.0 4
715.571 158.0 1
477.714 437.286 3
746.538 592.538 2
597.143 445.0 3
629.077 439.077 2
373.143 212.0 4
243.0 142.0 4
375.0 575.2 3
836.0 493.571 2
728.125 750.125 3
383.0 534.8 5
388.0 652.0 5
483.75 700.75 3
386.0 652.0 3
780.0 715.308 2
755.0 147.0 1
837.0 833.0 2
825.333 803.333 2
689.143 170.0 1
532.625 718.0 3
431.467 378.533 5
348.625 664.0 5
627.0 449.0 3
322.286 196.286 4
380.0 93.0 5
726.846 561.846 2
723.0 125.0 1
572.0 278.0 2
662.714 183.286 1
109.0 827.0 5
848.0 795.286 2
383.0 536.8 3
624.143 149.857 1
271.429 177.0 4
715.0 127.0 1
457.0 222.267 5
439.0 217.75 4
778.833 691.833 3
581.5 733.5 3
777.0 741.0 3
418.0 460.0 3
545.0 193.0 1
814.0 305.0 2
252.0 145.0 4
155.0 443.667 5
594.0 377.692 2
376.0 573.867 5
791.571 229.571 2
138.0 558.667 5
778.615 684.615 2
713.429 124.429 2
131.0 597.0 5
229.0 175.333 5
808.0 267.286 2
312.143 160.0 4
675.714 101.714 2
818.0 342.714 2
235.5 169.0 4
609.857 206.0 1
560.0 109.0 2
128.0 787.625 5
188.0 252.0 5
376.0 613.6 3
158.0 405.333 5
547.0 187.0 2
742.0 150.0 1
445.6 300.4 5
421.0 456.667 5
774.923 653.923 2
833.857 455.857 2
414.429 166.0 4
303.333 112.0 5
309.25 668.0 5
265.0 140.0 5
551.0 265.0 2
