424.0 249.0 4
219.0 118.0 4
127.0 550.143 5
268.25 756.75 5
449.0 213.0 4
244.0 129.0 4
800.714 178.714 2
762.5 617.5 3
647.143 203.0 1
732.857 175.0 1
629.0 159.0 1
88.0 770.619 5
622.0 469.0 3
337.857 205.857 4
168.0 241.476 5
415.429 168.0 4
400.0 508.0 3
790.0 159.0 1
301.143 149.0 4
726.333 565.333 3
835.0 261.857 2
561.0 197.0 1
438.0 234.0 4
453.0 192.0 4
371.0 595.8 5
617.0 367.462 2
140.0 858.5 5
595.0 122.0 2
816.0 151.0 1
628.0 261.5 2
358.286 163.0 4
916.0 885.429 2
95.0 726.524 5
578.0 182.0 2
223.0 160.0 4
111.0 638.333 5
103.0 682.429 5
446.0 190.2 5
857.0 386.571 2
603.0 162.0 1
910.0 802.286 2
785.0 721.833 3
366.571 215.0 4
307.905 104.0 5
134.0 461.952 5
219.714 154.286 5
864.0 469.714 2
741.231 581.231 2
309.143 195.0 4
424.4 460.6 5
136.0 417.857 5
681.0 149.0 1
891.0 677.571 2
903.714 760.714 2
578.0 212.0 2
611.25 227.25 2
373.8 638.8 3
785.0 693.615 2
675.714 193.286 1
759.0 130.0 1
495.143 466.0 3
224.0 777.0 5
397.067 105.067 5
444.0 172.0 4
803.0 155.0 1
451.0 325.4 5
381.267 550.733 5
684.0 98.0 2
792.0 121.0 1
775.5 125.5 1
312.5 743.0 5
733.0 136.0 1
263.81 120.19 5
443.0 370.467 5
455.0 280.333 5
570.0 220.0 1
395.0 726.0 3
531.875 773.0 3
763.692 618.692 2
622.0 442.385 2
769.0 806.0 2
825.286 220.286 2
440.625 748.625 3
376.0 640.867 5
438.0 145.133 5
781.0 768.538 2
704.769 545.769 2
386.857 167.0 4
272.571 140.0 4
725.571 111.571 2
852.0 345.0 2
707.0 143.0 1
356.75 741.0 5
761.429 166.0 1
82.0 814.714 5
77.0 858.81 5
590.286 461.0 3
77.0 902.905 5
386.0 685.933 5
403.333 505.667 5
251.714 171.0 4
280.429 183.429 4
383.4 551.6 3
714.375 782.0 3
667.308 514.308 2
401.0 731.0 5
120.0 594.238 5
352.0 91.0 5
147.0 329.667 5
395.286 228.0 4
463.429 471.0 3
577.5 780.0 3
633.0 479.846 2
486.25 764.0 3
668.75 784.0 3
870.0 511.28599999999994 2
110.0 902.75 5
828.333 821.0 2
624.0 105.0 2
883.667 867.667 2
618.571 217.0 1
139.0 373.762 5
858.0 839.0 2
892.0 897.333 2
860.0 428.143 2
914.0 843.857 2
873.0 552.857 2
767.143 138.143 2
384.0 682.4 3
558.571 459.0 3
431.714 484.0 3
590.0 240.0 1
655.0 153.0 1
450.0 235.267 5
916.0 927.0 2
179.75 817.25 5
616.0 330.0 2
158.429 285.571 5
874.0 594.429 2
329.714 157.0 4
777.0 656.154 2
619.0 404.923 2
182.0 197.381 5
197.0 147.0 4
434.467 415.533 5
704.286 184.0 1
897.0 719.143 2
623.125 784.0 3
782.0 669.667 3
373.0 595.2 3
579.0 152.0 2
674.167 518.167 3
210.0 153.0 4
881.0 636.0 2
561.0 174.0 1
786.0 731.077 2
75.0 947.0 5
846.429 303.429 2
798.667 813.0 2
526.857 462.0 3
231.5 124.5 4
131.0 506.048 5
654.0 98.0 2
760.0 774.0 3
577.0 155.0 1
623.0 295.75 2
