163.0 341.571 5
597.0 761.0 3
481.571 509.429 3
745.19 91.0 2
377.048 81.0 5
705.385 535.385 2
476.0 173.5 4
429.286 185.286 4
603.0 178.0 1
135.0 493.381 5
681.286 182.0 1
771.0 606.692 2
500.0 384.2 5
122.762 607.238 5
308.0 106.0 4
619.429 501.0 3
469.25 191.75 4
834.0 131.0 1
193.0 265.667 5
151.0 379.524 5
742.857 126.143 1
769.429 118.571 1
263.19 157.81 5
969.0 518.667 2
977.0 591.048 2
625.0 256.0 2
507.0 297.4 5
339.095 98.0 5
116.25 757.75 5
625.0 206.0 1
369.0 683.0 3
624.0 220.333 2
379.0 688.0 5
479.0 155.25 4
638.667 113.333 2
658.0 393.769 2
958.0 446.286 2
671.75 340.25 2
771.0 610.0 3
301.143 127.857 5
229.238 189.762 5
819.0 104.0 1
383.857 171.0 4
673.333 87.0 2
709.0 81.0 2
293.0 140.0 4
952.333 698.333 2
875.667 669.0 2
419.0 584.6 3
268.0 125.0 4
791.231 654.231 2
129.0 531.333 5
222.0 671.0 5
846.0 128.0 1
402.6 617.4 3
99.0 797.0 5
746.0 576.0 3
280.5 132.5 4
591.857 496.0 3
665.0 488.846 2
294.0 101.0 4
177.0 303.619 5
472.0 137.0 4
709.429 174.571 1
974.0 554.857 2
984.667 733.667 2
793.857 145.0 1
885.0 192.952 2
610.0 146.0 1
715.0 543.0 3
817.571 129.571 2
750.923 582.923 2
930.0 301.524 2
105.857 683.143 5
435.0 551.8 3
781.381 104.0 2
610.0 194.0 1
564.286 498.0 3
807.5 107.5 1
621.0 149.0 2
658.0 417.538 2
947.0 373.905 2
407.714 132.0 4
450.571 134.0 4
540.0 753.0 3
636.571 144.0 1
364.857 123.0 4
822.0 135.0 1
300.5 665.0 5
315.714 146.0 4
658.0 465.077 2
143.0 417.476 5
483.0 741.0 3
716.286 133.0 1
658.0 370.0 2
681.0 517.0 3
837.333 668.0 2
261.25 663.0 5
689.714 139.0 1
516.0 254.0 5
796.0 111.0 1
466.0 471.0 5
391.0 644.6 5
963.0 482.476 2
765.714 156.0 1
1008.0 772.0 2
207.286 227.714 5
952.0 410.095 2
452.0 206.0 4
647.0 505.0 3
737.571 165.0 1
338.429 157.0 4
429.143 134.0 4
509.143 504.0 3
426.0 720.0 3
385.8 650.2 3
102.0 721.095 5
788.0 644.0 3
432.0 557.8 5
448.0 514.4 5
653.143 192.857 1
343.429 117.0 4
920.0 265.333 2
681.615 512.615 2
939.0 337.714 2
491.4 427.6 5
658.0 441.308 2
986.0 663.429 2
182.75 689.25 5
517.0 167.2 5
654.75 280.75 2
622.0 184.667 2
914.0 679.0 2
663.143 142.857 1
361.143 164.0 4
711.0 757.0 3
521.0 210.6 5
905.0 229.143 2
115.0 645.19 5
322.0 111.0 4
458.4 92.4 5
410.8 601.2 5
654.0 763.0 3
783.0 630.462 2
794.0 678.0 3
454.0 519.0 3
138.0 455.429 5
799.0 678.0 2
406.571 177.0 4
993.619 699.619 2
853.762 162.0 2
499.8 123.8 5
728.154 559.154 2
415.0 76.0 5
128.0 569.286 5
100.0 759.048 5
674.5 310.5 2
600.0 162.0 1
980.0 627.238 2
1001.0 735.81 2
339.75 672.0 5
386.286 128.286 4
536.714 500.0 3
768.0 733.0 3
143.5 719.5 5
504.0 340.8 5
