728.0 72.0 1
165.524 528.476 5
811.0 263.619 2
440.5 625.0 3
550.75 636.0 3
216.125 620.875 5
593.0 415.0 3
597.0 286.154 2
628.0 103.0 1
633.571 135.429 1
702.143 107.0 1
316.19 77.8095 5
452.667 223.333 5
587.857 157.0 1
514.0 632.0 3
361.0 519.0 3
666.0 95.0 1
365.0 492.6 5
422.0 338.733 5
748.692 577.692 2
191.0 265.238 5
245.5 609.0 5
449.0 155.5 4
364.0 479.0 3
658.952 49.0 2
830.0 662.0 2
704.0 81.0 1
430.733 300.267 5
699.231 490.231 2
875.0 692.0 2
552.0 156.0 1
143.0 627.19 5
583.5 201.5 2
261.0 103.0 4
634.0 402.769 2
817.0 296.571 2
403.75 617.75 3
754.81 131.81 2
198.0 232.333 5
785.0 636.0 2
547.0 156.833 2
595.833 48.0 2
610.714 144.286 1
615.0 344.462 2
453.0 141.0 4
595.0 238.5 2
691.905 69.9048 2
382.0 51.0 5
304.25 603.0 5
656.429 128.0 1
419.467 69.4667 5
604.308 315.308 2
661.0 625.0 3
679.286 118.0 1
494.714 418.0 3
178.952 331.048 5
452.0 126.5 4
228.476 166.524 5
174.0 363.952 5
169.0 429.762 5
449.0 184.867 5
834.286 494.286 2
857.0 593.143 2
169.0 495.571 5
541.0 126.667 2
860.0 682.0 2
361.0 559.0 3
274.875 603.0 5
409.0 377.2 5
869.0 659.048 2
160.619 561.381 5
550.0 139.0 1
822.0 329.524 2
283.286 100.714 5
730.538 548.538 2
381.0 440.0 3
862.0 626.095 2
556.0 122.0 1
297.0 88.0 4
423.0 113.0 4
252.381 133.619 5
168.0 462.667 5
745.0 90.0 1
445.571 423.0 3
828.0 395.429 2
711.0 513.0 3
724.857 98.8571 2
728.0 560.667 3
283.0 108.0 4
567.667 66.3334 2
318.0 92.0 4
565.0 173.0 1
305.429 115.0 4
159.375 663.625 5
590.0 110.0 1
369.867 454.133 5
708.667 607.333 3
339.0 97.0 4
445.2 261.8 5
208.571 199.429 5
815.0 653.0 2
185.0 298.143 5
186.75 639.25 5
791.714 197.714 2
421.0 426.0 3
327.857 122.857 4
685.0 88.0 1
565.0 187.0 2
402.0 111.0 4
444.0 112.0 4
381.0 106.0 4
587.5 634.0 3
640.667 428.667 3
350.286 131.286 4
654.923 431.923 2
333.625 605.0 5
803.0 230.667 2
595.0 220.0 2
387.333 415.667 5
360.0 102.0 4
767.0 606.846 2
363.0 569.533 5
151.0 594.286 5
349.095 59.9048 5
830.0 428.381 2
417.571 163.571 4
445.0 146.4 5
137.905 660.095 5
568.429 414.0 3
470.143 420.0 3
725.0 98.0 1
647.0 100.0 1
775.0 164.762 2
848.0 560.19 2
624.0 373.615 2
372.714 139.714 4
800.0 644.0 2
434.0 107.933 5
361.933 531.067 5
845.0 672.0 2
549.0 96.5 2
363.0 608.0 5
735.0 94.0 1
680.077 461.077 2
839.0 527.238 2
682.333 465.333 3
571.0 110.0 1
714.0 519.385 2
171.0 396.857 5
519.286 417.0 3
832.0 461.333 2
477.25 629.0 3
134.0 693.0 5
440.0 170.0 4
367.0 599.0 3
272.0 105.0 4
287.0 86.0 4
587.0 257.0 2
395.143 148.143 4
716.0 77.0 1
826.0 362.476 2
609.0 106.0 1
624.25 629.75 3
626.0 43.0 2
543.857 415.0 3
277.0 83.0 4
