717.571 214.429 1
414.0 268.0 4
869.0 356.19 2
763.0 185.0 1
389.429 260.0 4
38.0 804.238 5
369.0 704.0 5
784.833 715.0 2
484.286 496.714 3
557.0 254.333 2
137.125 747.0 5
732.923 654.923 2
244.0 152.0 4
638.0 350.75 2
771.571 176.571 2
220.0 177.0 4
46.0 727.476 5
231.0 182.0 4
387.0 453.2 5
87.6667 612.333 5
690.857 167.143 1
754.0 141.0 1
444.0 205.0 4
423.6 160.6 5
266.571 202.571 4
406.0 411.4 5
444.4 202.4 5
710.429 160.0 1
630.0 527.0 3
603.25 749.0 3
41.0 842.619 5
557.0 751.0 3
582.0 240.0 1
322.625 694.0 5
580.0 217.5 1
418.857 195.0 4
730.0 152.0 1
256.0 157.0 4
101.0 573.952 5
587.0 262.5 1
464.5 748.0 3
742.0 147.0 1
671.308 582.308 2
557.143 495.143 3
677.0 586.0 3
510.75 751.0 3
375.0 543.0 3
638.0 436.077 2
627.0 314.5 2
634.231 534.231 2
935.167 792.167 2
227.857 194.0 5
393.714 188.0 4
368.571 185.0 4
637.0 460.615 2
418.25 739.0 3
242.0 188.0 4
630.0 509.692 2
705.5 615.5 3
901.333 758.333 2
374.0 641.4 3
447.857 501.0 3
52.0 881.0 5
293.143 168.0 4
962.0 794.476 2
340.286 237.0 4
373.0 495.0 5
662.0 119.0 2
652.0 558.769 2
96.75 788.25 5
638.0 387.0 2
823.667 726.0 2
432.0 260.5 4
850.0 283.143 2
612.571 194.0 1
862.5 739.5 2
594.25 294.0 2
375.4 608.6 3
698.524 132.0 2
877.0 392.714 2
145.333 343.667 5
364.857 249.0 4
626.714 266.286 1
343.0 120.0 5
638.0 411.538 2
61.9048 689.095 5
740.0 679.462 2
897.0 502.286 2
889.0 465.762 2
318.286 174.0 4
520.714 494.0 3
125.19 458.81 5
882.0 429.238 2
454.0 286.0 5
73.0 650.714 5
375.0 620.4 5
593.0 195.0 1
384.8 127.0 5
268.0 161.0 4
39.0 765.857 5
110.0 535.571 5
71.375 834.625 5
672.143 241.857 1
737.5 674.5 3
304.619 134.0 5
445.0 327.8 5
671.286 174.0 1
773.0 176.0 1
372.0 707.0 3
564.0 181.0 2
935.0 648.381 2
695.846 605.846 2
625.333 128.0 2
193.476 228.524 5
954.0 831.0 2
136.0 382.048 5
695.75 736.0 3
376.0 575.8 3
649.429 255.0 1
558.0 291.0 2
783.0 168.0 1
291.143 218.143 4
604.0 280.0 1
558.0 217.667 2
376.0 578.6 5
651.714 182.286 1
343.429 179.0 4
740.286 201.714 1
835.0 246.619 2
372.0 536.8 5
633.846 485.154 2
962.0 757.952 2
373.0 674.2 3
650.5 556.5 3
735.048 154.048 2
649.5 745.5 3
454.0 244.2 5
158.714 305.286 5
315.714 228.0 4
808.095 210.095 2
741.0 704.0 3
376.0 662.2 5
746.0 704.0 2
229.875 700.0 5
130.0 420.429 5
442.0 242.0 4
943.0 684.905 2
860.0 319.667 2
632.143 189.0 1
593.571 501.0 3
952.429 721.429 2
916.0 575.333 2
728.0 645.0 3
907.81 538.81 2
924.0 611.857 2
694.857 228.0 1
446.0 223.5 4
266.238 161.762 5
423.4 369.6 5
183.5 716.5 5
117.81 497.19 5
588.667 146.0 2
173.0 266.905 5
411.429 515.0 3
276.25 694.0 5
718.0 630.385 2
