204.0 546.286 5
479.0 326.0 5
825.5 862.5 2
273.143 188.857 5
761.0 754.833 3
854.0 943.0 2
378.714 138.714 4
611.0 171.333 2
690.286 190.714 1
632.125 804.0 3
605.0 236.0 2
470.0 114.0 5
319.0 154.0 4
357.857 132.857 4
184.0 705.143 5
371.0 727.0 5
881.0 688.143 2
878.0 390.81 2
639.0 106.667 2
877.0 518.238 2
460.0 503.0 3
411.571 200.0 4
337.0 126.0 4
309.857 149.143 5
427.0 94.0 5
760.0 668.923 2
231.0 795.0 5
703.0 558.615 2
198.0 586.0 5
205.0 506.571 5
718.714 129.0 1
658.0 305.25 2
465.0 369.0 5
680.0 521.846 2
882.0 815.571 2
745.476 107.0 2
764.0 705.692 2
884.0 773.095 2
186.0 784.571 5
212.0 347.714 5
299.0 143.0 4
489.0 283.0 5
430.0 671.8 3
232.0 268.286 5
737.857 122.143 1
792.5 133.0 1
658.0 485.077 2
666.857 202.0 1
504.0 197.0 5
315.0 115.0 4
763.0 742.462 2
458.0 498.0 5
878.0 475.762 2
246.429 228.571 5
607.0 189.0 1
342.143 168.143 4
671.75 808.0 3
876.0 560.714 2
751.0 810.0 3
713.714 179.286 1
441.0 713.0 5
601.429 465.0 3
435.0 584.0 5
573.143 463.0 3
336.0 735.0 5
483.0 161.0 4
206.0 387.429 5
326.0 121.0 4
772.833 827.833 2
839.0 889.333 2
637.75 246.0 2
448.0 545.2 3
487.0 190.0 4
544.857 464.143 3
783.0 105.0 1
753.5 644.5 3
429.0 670.0 5
737.143 167.0 1
801.0 128.0 1
879.0 645.667 2
730.0 595.385 2
427.0 627.0 5
638.0 411.538 2
878.0 433.286 2
399.571 144.0 4
487.0 204.5 4
694.167 534.167 3
825.429 178.429 2
643.429 215.571 1
221.0 308.0 5
481.0 219.0 4
457.857 214.857 4
750.154 632.154 2
760.571 154.0 1
879.0 348.333 2
699.571 136.0 1
461.0 412.0 5
184.0 824.286 5
703.0 89.0 2
846.167 916.167 2
188.0 665.429 5
787.952 139.0 2
387.286 99.0 5
766.0 699.667 3
388.429 188.429 4
869.0 900.524 2
501.0 154.0 5
552.875 785.0 3
488.286 481.714 3
746.0 816.0 2
877.0 858.048 2
629.714 469.0 3
882.619 730.619 2
642.143 151.0 1
513.25 773.0 3
592.5 795.5 3
365.286 178.286 4
610.0 170.0 1
438.0 587.4 3
193.0 864.0 5
638.0 338.0 2
609.0 208.0 1
620.0 227.0 1
757.0 115.0 1
441.0 714.0 3
680.429 142.0 1
309.0 148.0 4
670.667 90.0 2
661.286 147.0 1
301.0 749.0 5
462.143 158.143 4
208.0 829.0 5
347.571 114.429 5
434.714 206.0 4
183.857 744.857 5
636.0 374.769 2
406.0 722.0 5
731.333 589.333 3
878.0 603.19 2
207.0 427.143 5
420.429 151.0 4
485.5 175.5 4
756.0 779.231 2
711.375 810.0 3
605.0 203.667 2
516.571 469.0 3
644.308 448.308 2
209.0 466.857 5
868.0 263.381 2
770.0 110.0 1
799.667 840.667 2
619.0 139.0 2
659.0 272.5 2
448.0 541.0 5
623.0 152.0 1
193.0 625.714 5
498.0 240.0 5
852.905 220.905 2
876.0 305.857 2
441.286 156.0 4
430.0 629.6 3
658.0 479.0 3
266.0 770.0 5
784.0 138.0 1
473.625 753.625 3
463.0 455.0 5
