869.0 286.333 2
405.0 654.0 3
445.0 383.533 5
836.333 745.333 2
451.0 227.0 4
649.571 212.0 1
902.0 513.762 2
906.0 627.476 2
553.714 424.0 3
116.0 628.619 5
286.0 183.0 4
380.375 694.0 5
743.25 754.0 3
724.615 544.615 2
346.524 63.0 5
578.0 134.0 2
138.81 507.19 5
253.0 173.0 4
227.0 134.0 4
335.429 147.0 4
352.0 201.0 4
614.143 147.0 1
255.5 702.0 5
409.0 694.0 3
669.154 485.154 2
829.0 157.0 1
741.0 568.0 3
600.0 755.0 3
820.0 172.619 2
790.0 676.667 3
706.905 82.9048 2
443.0 428.6 5
441.0 473.667 5
916.0 741.19 2
504.5 746.0 3
729.286 187.0 1
819.0 161.0 1
468.6 293.4 5
791.0 731.0 3
124.0 588.143 5
573.0 250.0 2
782.429 173.0 1
807.0 130.0 1
133.0 547.667 5
456.75 729.0 3
479.0 203.267 5
433.267 518.733 5
816.167 735.0 2
409.0 614.0 3
898.0 437.952 2
172.25 748.0 5
895.0 400.048 2
796.0 726.0 2
618.0 281.0 2
640.286 140.0 1
108.0 669.095 5
397.714 156.0 4
588.0 164.0 1
503.429 438.0 3
306.048 82.9524 5
426.0 534.0 3
481.0 158.2 5
647.75 759.0 3
385.0 212.0 4
432.067 70.0667 5
418.0 221.0 4
744.857 141.0 1
571.0 211.333 2
589.0 203.5 1
607.0 334.0 2
428.857 160.0 4
623.0 224.0 1
903.0 551.667 2
220.0 163.0 4
604.0 412.0 3
694.667 513.667 3
840.0 210.524 2
775.0 635.308 2
151.0 345.286 5
297.125 691.0 5
647.923 454.923 2
578.857 418.0 3
319.0 193.0 4
603.25 220.0 1
460.0 213.5 4
412.0 574.0 3
265.571 111.429 5
460.0 173.0 4
648.333 459.333 3
225.095 142.905 5
552.25 753.0 3
785.538 665.538 2
792.769 695.769 2
338.75 690.0 5
178.0 223.857 5
782.714 137.714 2
755.857 180.143 1
478.0 248.333 5
692.571 144.0 1
669.0 70.0 2
905.0 589.571 2
212.0 131.0 4
156.0 304.81 5
145.0 426.238 5
366.571 151.0 4
416.0 563.8 5
809.0 165.0 1
453.533 338.467 5
744.81 106.81 2
913.0 703.286 2
622.0 307.5 2
462.0 186.5 4
702.714 194.0 1
718.714 144.0 1
528.571 431.429 3
630.333 70.0 2
422.0 699.0 5
98.0 709.571 5
857.0 248.429 2
165.0 264.333 5
696.385 514.385 2
304.286 145.0 4
666.429 143.0 1
478.286 449.0 3
789.0 134.0 1
457.143 468.857 3
911.0 665.381 2
875.667 776.667 2
148.0 385.762 5
762.0 605.077 2
892.833 796.833 2
900.857 475.857 2
593.667 95.3334 2
599.5 259.5 2
108.0 831.0 5
771.0 137.0 1
441.0 494.0 3
905.0 817.0 2
242.0 137.0 4
213.875 721.125 5
879.0 324.238 2
273.143 141.0 4
462.0 200.0 4
207.0 158.0 4
676.143 199.857 1
746.846 574.846 2
584.0 183.75 1
193.619 183.381 5
410.0 608.867 5
470.0 113.133 5
624.0 424.692 2
95.0 750.048 5
772.333 622.333 3
601.0 364.231 2
387.0 53.0 5
695.5 759.0 3
573.333 172.667 2
608.0 394.462 2
143.0 466.714 5
100.524 790.524 5
856.5 758.5 2
917.0 779.095 2
407.0 653.933 5
888.143 362.143 2
194.0 154.0 4
133.625 789.375 5
