131.0 312.667 5
658.923 512.923 2
316.8 575.0 5
141.0 269.286 5
575.0 171.667 2
359.0 77.0 5
350.875 735.0 3
309.4 584.6 3
206.0 120.0 4
453.714 475.0 3
247.75 704.0 5
494.286 464.714 3
665.25 756.0 3
640.0 292.0 2
981.0 666.048 2
761.476 99.0 2
336.0 557.0 3
445.0 164.5 4
288.0 695.0 3
991.0 705.286 2
403.267 95.2667 5
597.667 84.3334 2
684.571 129.0 1
829.0 701.0 2
943.0 747.0 2
344.0 486.667 5
646.0 321.0 2
222.5 130.0 4
375.571 526.429 3
709.714 120.0 1
939.0 509.095 2
391.571 196.571 4
659.429 135.571 1
438.0 265.333 5
1006.76 783.762 2
413.143 493.0 3
969.0 626.81 2
948.333 548.333 2
644.0 350.0 2
575.429 458.0 3
769.0 703.0 3
830.0 155.952 2
160.095 225.905 5
272.238 106.0 5
683.0 62.0 2
728.333 623.333 3
88.4286 529.571 5
930.857 469.857 2
1009.0 823.0 2
476.625 757.0 3
65.6667 616.333 5
362.867 398.133 5
895.0 312.905 2
266.0 107.0 4
231.857 145.143 5
274.0 639.8 3
442.0 176.8 5
652.0 503.833 3
773.0 87.0 1
639.333 64.0 2
280.0 618.467 5
671.0 540.077 2
78.0 572.952 5
922.0 430.619 2
850.19 195.19 2
786.0 76.0 1
249.5 100.5 4
278.0 662.733 5
771.846 675.846 2
388.857 143.857 4
334.933 530.933 5
616.0 469.0 3
673.143 178.0 1
914.0 391.381 2
35.9048 703.095 5
437.533 132.533 5
438.0 146.0 4
644.0 377.154 2
689.231 567.231 2
670.667 543.667 3
290.571 117.0 4
588.0 259.0 2
761.167 663.167 3
443.0 183.0 4
905.0 352.143 2
340.714 180.0 4
315.619 84.0 5
21.0 789.857 5
708.385 594.385 2
417.0 208.0 4
574.0 158.5 1
572.0 174.0 1
17.7619 833.238 5
808.5 110.0 1
584.0 145.0 1
617.0 267.0 2
722.238 83.2381 2
768.286 138.714 1
239.0 137.0 4
26.0 746.476 5
413.75 750.0 3
602.375 762.0 3
80.75 787.25 5
578.0 205.0 1
573.0 189.5 1
315.143 125.0 4
441.0 221.067 5
539.5 762.0 3
800.0 117.0 1
115.0 399.429 5
278.0 667.4 3
115.0 743.0 5
800.714 120.0 2
315.286 172.0 4
264.429 148.429 4
882.0 273.667 2
47.25 875.75 5
578.0 128.0 2
817.0 103.0 1
704.857 170.0 1
22.0 876.619 5
434.5 201.5 4
728.538 621.538 2
285.0 612.2 3
760.0 94.0 1
977.0 785.0 2
905.0 716.0 2
124.0 356.048 5
577.0 215.333 2
641.429 190.0 1
159.25 723.75 5
644.0 431.462 2
867.0 701.0 2
413.429 149.0 4
958.0 587.571 2
699.5 583.5 3
106.0 442.81 5
97.0 486.19 5
364.286 138.0 4
292.0 707.0 5
734.857 108.143 1
609.714 202.0 1
649.0 485.769 2
644.0 404.308 2
750.692 648.692 2
791.0 703.0 2
609.143 146.0 1
736.571 155.429 1
634.286 142.0 1
396.133 353.867 5
233.0 93.0 4
867.0 234.429 2
646.0 458.615 2
203.5 707.5 5
37.0 920.0 5
366.143 187.0 4
189.476 182.524 5
346.0 442.4 5
1000.0 744.524 2
728.125 749.0 3
339.714 131.714 4
425.4 309.6 5
62.0 831.5 5
48.2857 659.714 5
534.857 458.0 3
289.857 161.0 4
