444.0 130.0 4
421.0 156.0 4
745.769 655.769 2
121.0 933.0 5
454.0 234.0 5
851.0 251.714 2
334.714 77.7143 4
670.0 534.846 2
387.0 616.2 3
235.0 58.0 4
858.0 388.571 2
301.905 40.0 5
676.0 88.0 1
570.0 199.0 2
856.0 342.952 2
819.0 842.0 2
173.0 287.667 5
575.286 448.0 3
146.0 564.238 5
609.875 820.0 3
156.0 472.048 5
210.0 87.0 4
696.0 569.0 3
618.0 293.0 2
231.0 96.0 4
437.0 443.6 5
576.667 121.333 2
650.0 96.0 1
106.0 748.619 5
846.0 859.0 2
656.25 820.0 3
107.0 794.714 5
378.0 715.0 3
410.0 548.4 5
815.0 114.857 2
612.0 373.615 2
608.0 158.0 1
868.0 479.81 2
650.167 22.0 2
215.714 103.286 5
140.0 899.875 5
437.0 148.5 4
897.0 707.905 2
702.0 79.0 1
521.571 449.0 3
876.0 571.048 2
796.0 50.0 1
137.667 610.333 5
908.0 844.762 2
289.75 782.0 5
573.0 160.167 2
463.0 129.2 5
612.0 333.308 2
731.0 627.5 3
832.0 160.476 2
220.5 91.5 4
356.0 758.0 5
441.0 468.0 3
258.429 105.0 4
180.429 241.571 5
902.0 753.524 2
340.714 123.0 4
772.571 100.429 1
453.0 286.4 5
285.857 112.0 4
689.0 19.0 2
728.0 71.0 1
313.286 118.0 4
754.0 66.0 1
385.857 90.0 4
201.619 149.381 5
624.0 99.0 1
749.0 803.0 3
400.4 34.4 5
878.0 909.0 2
322.875 772.0 5
112.0 886.905 5
854.0 297.333 2
494.714 450.0 3
563.5 816.0 3
446.0 338.8 5
699.0 575.154 2
424.375 751.0 3
598.0 94.0 1
589.0 111.0 1
246.5 61.5 4
619.0 263.25 2
780.0 57.0 1
792.0 827.0 2
804.0 84.0 1
759.0 744.5 3
611.333 43.6666 2
617.5 233.5 2
585.0 82.5 2
437.0 94.0 4
702.625 816.0 3
843.0 206.095 2
189.524 195.476 5
635.429 140.0 1
745.143 110.857 1
725.0 615.462 2
889.0 662.286 2
717.714 118.0 1
161.0 866.75 5
395.571 137.0 4
517.125 803.0 3
411.429 91.0 4
808.0 81.0 1
124.0 656.429 5
734.619 35.619 2
467.857 455.143 3
458.4 181.6 5
756.0 686.0 3
865.0 882.0 2
256.625 793.0 5
360.286 83.0 4
401.2 566.8 3
599.75 207.75 2
109.0 840.81 5
112.0 702.524 5
283.571 70.0 4
590.0 129.0 1
428.0 496.0 5
348.0 25.0 5
163.0 379.857 5
190.375 838.625 5
906.0 799.143 2
765.0 817.0 2
255.81 61.1905 5
863.0 434.19 2
152.0 518.143 5
167.0 333.762 5
368.143 129.0 4
662.857 130.143 1
309.143 74.0 4
258.0 65.0 4
870.429 525.429 2
611.0 413.923 2
442.0 391.2 5
882.0 616.667 2
448.0 76.8 5
758.0 736.385 2
690.286 124.714 1
223.5 811.5 5
647.538 494.538 2
379.0 705.6 5
800.0 88.0 1
788.0 54.0 1
602.143 449.0 3
159.048 425.952 5
379.0 665.6 3
656.5 510.5 3
756.077 696.077 2
759.0 776.692 2
780.238 70.2381 2
885.0 936.0 2
470.75 782.75 3
444.0 111.5 4
629.0 452.0 3
626.0 454.231 2
422.0 517.4 3
594.0 147.0 1
393.2 600.8 5
902.0 890.381 2
382.0 653.2 5
548.429 448.0 3
