264.0 160.0 4
618.0 325.462 2
327.571 141.0 4
775.5 96.0 1
628.857 126.0 1
455.0 167.0 4
910.0 595.857 2
646.0 412.0 3
782.077 600.077 2
833.714 207.714 2
381.286 142.0 4
170.0 526.333 5
869.0 384.143 2
741.125 662.875 3
287.095 85.0 5
689.769 462.769 2
622.0 243.0 2
711.143 111.0 1
232.0 153.0 4
171.0 452.429 5
779.0 605.333 3
408.143 140.857 4
231.0 682.0 5
846.0 243.0 2
195.0 714.0 5
513.143 429.0 3
745.0 528.0 3
900.0 560.571 2
453.0 345.867 5
162.0 749.0 5
933.0 666.429 2
941.714 701.714 2
817.429 172.429 2
798.0 119.0 1
460.0 465.0 3
267.0 658.0 5
303.0 645.0 5
683.714 117.0 1
674.714 164.286 1
864.857 348.857 2
696.286 62.2857 2
132.0 711.095 5
452.0 387.6 5
450.0 304.133 5
681.667 450.667 3
785.0 93.0 1
133.048 748.048 5
375.0 637.0 5
634.385 380.385 2
764.667 566.667 3
656.286 121.714 1
192.0 230.714 5
360.0 184.0 4
589.0 205.0 1
457.0 185.0 4
339.0 640.0 5
328.0 180.0 4
172.0 489.381 5
785.0 644.0 3
439.467 95.4667 5
572.0 187.75 1
451.0 495.0 3
139.0 785.0 5
456.0 203.0 4
486.571 443.0 3
626.0 57.0 2
669.0 435.308 2
432.0 585.0 3
566.0 145.25 1
591.0 75.0 2
646.143 178.857 1
878.0 454.714 2
752.154 545.154 2
167.0 563.286 5
601.429 128.0 1
842.0 667.0 2
893.0 696.0 2
624.0 270.5 2
424.0 196.0 4
237.0 127.0 4
173.0 341.571 5
224.19 156.81 5
713.231 490.231 2
568.0 179.0 2
454.0 429.333 5
703.286 148.0 1
273.857 135.0 4
807.0 117.0 1
619.429 412.0 3
597.5 220.5 2
873.429 419.429 2
738.571 105.0 1
521.75 669.0 3
159.762 600.238 5
433.0 596.267 5
769.615 572.615 2
444.2 512.8 5
892.0 525.286 2
392.0 187.0 4
731.857 137.0 1
609.5 692.0 3
434.467 554.533 5
766.0 99.0 1
944.0 737.0 2
411.0 634.0 5
566.286 418.0 3
661.0 53.0 2
438.0 525.0 3
569.0 109.0 2
172.0 378.524 5
697.25 678.0 3
457.0 137.2 5
435.0 555.0 3
653.375 689.0 3
565.0 144.0 2
736.0 517.692 2
791.0 655.0 2
615.0 298.0 2
227.0 125.0 4
885.0 490.0 2
567.0 166.5 1
138.857 674.143 5
455.0 471.067 5
921.143 631.143 2
789.0 121.0 1
176.0 304.619 5
760.429 127.571 1
300.714 139.714 4
918.5 717.5 2
354.429 144.0 4
171.0 415.476 5
296.0 171.0 4
859.0 313.571 2
453.0 178.933 5
149.81 637.19 5
574.0 125.0 1
402.733 68.0 5
361.0 61.0 5
867.5 681.0 2
477.875 648.875 3
565.625 683.0 3
324.048 66.0 5
435.0 138.0 4
795.0 137.143 2
789.0 627.538 2
714.333 489.333 3
205.0 193.762 5
570.0 214.0 2
450.0 220.667 5
592.857 412.0 3
539.714 423.286 3
252.0 119.857 5
623.0 352.923 2
247.0 129.0 4
731.571 77.0 2
649.846 407.846 2
853.0 278.286 2
221.5 151.0 4
766.857 101.857 2
434.0 615.0 3
182.0 267.667 5
816.5 659.5 2
211.0 149.0 4
617.571 198.0 1
450.0 149.0 4
446.0 262.4 5
