386.143 208.0 4
276.625 634.625 5
182.0 183.286 5
619.5 756.0 3
527.0 177.0 1
208.375 644.0 5
637.615 468.615 2
721.571 107.571 2
608.429 188.0 1
482.429 399.0 3
594.25 262.25 2
435.0 140.6 5
774.5 629.5 2
310.75 637.0 5
142.0 430.952 5
398.0 393.8 5
520.0 148.0 2
532.0 111.0 2
118.0 643.238 5
135.286 501.714 5
121.0 607.857 5
815.0 254.857 2
514.0 222.0 2
578.714 205.286 1
223.476 113.0 5
329.619 48.0 5
757.0 129.0 1
386.0 478.2 5
380.0 647.0 3
873.0 563.429 2
555.0 76.0 2
168.0 218.667 5
746.5 105.5 1
190.0 133.0 4
611.0 367.692 2
538.714 405.0 3
380.0 513.2 3
215.5 113.5 4
377.0 562.6 5
602.0 317.231 2
739.0 585.667 3
628.571 142.0 1
416.0 219.0 4
392.0 436.0 5
697.571 154.0 1
836.286 378.286 2
736.0 108.0 1
749.0 680.875 3
712.308 540.308 2
379.0 520.4 5
884.0 594.286 2
543.75 222.75 2
842.0 409.143 2
408.0 309.4 5
682.286 125.0 1
207.0 140.0 4
296.571 176.0 4
781.0 162.286 2
428.0 149.0 4
688.077 516.077 2
398.714 151.0 4
140.125 679.875 5
124.0 572.476 5
740.769 590.769 2
595.0 421.0 3
236.857 150.857 4
621.333 454.333 3
426.143 408.0 3
398.0 424.0 3
294.238 66.7619 5
174.25 655.75 5
420.8 267.2 5
729.538 565.538 2
141.0 395.571 5
161.952 254.048 5
865.0 532.571 2
365.0 43.0 5
907.0 656.0 2
659.857 63.0 2
795.143 193.143 2
847.0 440.0 2
749.0 621.0 3
115.0 678.619 5
223.0 116.0 4
434.0 184.0 4
667.857 165.143 1
854.0 655.0 2
208.0 111.0 4
895.0 625.143 2
140.0 466.333 5
719.333 550.333 3
614.0 418.154 2
655.429 136.0 1
344.875 642.0 5
851.857 470.857 2
438.0 166.5 4
727.286 141.0 1
592.0 54.0 2
326.429 190.429 4
310.857 139.857 4
880.5 658.5 2
405.0 56.2 5
252.286 120.286 4
429.0 225.0 5
129.0 537.095 5
400.0 351.6 5
735.25 740.75 3
766.5 126.5 1
530.5 155.5 1
690.714 81.7143 2
378.0 602.4 3
605.462 342.462 2
499.75 719.75 3
153.0 289.429 5
143.0 360.19 5
510.571 400.0 3
549.0 220.0 1
662.846 491.846 2
857.0 501.714 2
375.0 557.8 3
454.286 400.0 3
369.429 149.429 4
426.4 98.4 5
426.5 201.5 4
638.143 176.0 1
434.0 182.8 5
266.714 161.714 4
601.0 292.0 2
601.714 145.0 1
656.667 483.667 3
776.0 124.0 1
147.0 324.81 5
806.0 224.0 2
197.0 147.905 5
548.0 141.0 1
379.0 647.0 5
709.143 116.0 1
691.0 515.0 3
340.143 146.143 4
533.5 198.5 1
566.857 412.0 3
679.375 758.0 3
242.5 634.5 5
801.0 641.0 2
198.5 136.5 4
517.0 185.0 2
629.0 52.0 2
757.0 103.0 1
573.5 232.5 2
831.429 347.429 2
356.286 197.286 4
258.857 91.0 5
752.429 132.429 2
387.0 468.6 3
111.0 714.0 5
439.875 681.875 3
574.857 146.0 1
618.0 443.385 2
377.0 604.8 5
822.0 285.714 2
559.625 745.0 3
281.571 129.571 4
827.5 649.5 2
827.0 316.571 2
613.0 392.923 2
748.0 616.0 2
