690.0 599.462 2
553.0 186.0 1
121.0 432.286 5
626.0 494.0 3
394.0 580.2 5
129.0 343.429 5
657.125 776.0 3
525.429 403.0 3
886.0 528.714 2
261.429 147.0 4
394.571 206.0 4
715.077 666.077 2
451.0 265.667 5
923.0 779.571 2
548.286 408.286 3
815.333 777.333 2
786.0 164.0 1
915.952 695.952 2
556.0 201.0 1
467.75 746.0 3
388.0 647.8 3
627.538 499.538 2
73.1429 832.143 5
158.0 210.143 5
569.75 254.75 2
200.0 162.0 4
429.875 728.0 3
502.571 401.0 3
343.714 156.714 4
725.0 699.385 2
619.333 92.0 2
434.0 423.0 3
198.0 133.0 4
916.0 905.0 2
264.857 175.857 4
919.0 737.762 2
695.0 763.0 3
256.375 732.625 5
581.375 770.0 3
546.0 209.333 2
211.5 754.0 5
321.571 87.0 5
696.81 102.0 2
554.0 171.0 1
366.0 82.0 5
765.0 138.0 1
591.857 159.857 1
690.857 186.0 1
444.867 130.867 5
678.429 153.0 1
543.5 765.0 3
427.0 214.0 4
111.0 521.143 5
391.0 715.0 5
911.0 654.143 2
441.0 355.533 5
107.0 876.125 5
123.0 387.857 5
655.0 90.0 2
904.0 612.333 2
427.0 490.333 5
927.0 821.381 2
563.0 156.0 1
627.429 198.571 1
91.5714 654.429 5
863.0 361.476 2
189.5 158.0 4
398.571 164.0 4
671.154 566.154 2
715.0 662.0 3
580.0 432.923 2
445.0 310.6 5
71.0 787.714 5
649.571 156.0 1
796.5 161.0 1
650.0 532.846 2
579.75 306.25 2
722.571 181.0 1
390.0 591.6 3
188.286 166.714 5
852.5 795.0 2
166.625 787.375 5
99.0 610.0 5
103.0 565.571 5
74.0 743.286 5
736.143 143.857 1
457.0 175.8 5
179.0 154.0 4
837.0 236.048 2
754.286 173.0 1
895.0 570.524 2
407.0 535.4 3
697.0 606.0 3
659.143 191.0 1
738.619 120.619 2
426.0 157.0 4
297.286 183.0 4
564.0 366.308 2
505.625 759.0 3
595.714 208.0 1
705.0 632.769 2
410.933 91.9333 5
232.714 130.286 5
619.25 776.0 3
435.0 445.4 5
130.0 831.25 5
852.667 319.667 2
551.0 173.667 2
457.267 220.733 5
875.0 445.095 2
88.0 921.0 5
734.0 732.692 2
819.0 194.238 2
423.0 479.2 3
437.0 400.467 5
232.429 170.0 4
435.0 171.25 4
807.0 158.0 1
362.143 194.0 4
346.125 716.0 5
79.0 698.857 5
590.0 438.0 3
870.0 403.286 2
880.0 486.905 2
904.833 867.833 2
329.714 187.714 4
456.857 407.0 3
564.0 216.0 1
301.25 718.75 5
665.0 550.0 3
143.0 254.571 5
392.0 704.0 3
780.429 153.429 2
562.0 333.0 2
392.0 670.067 5
727.0 718.0 3
216.0 138.0 4
926.81 863.19 2
778.167 769.0 2
569.0 399.615 2
583.667 104.333 2
845.0 277.857 2
602.231 466.231 2
741.0 766.0 2
288.857 150.0 4
438.0 185.5 4
558.0 138.0 2
707.286 150.0 1
479.714 402.0 3
78.0 876.571 5
316.286 151.0 4
389.0 625.133 5
136.0 299.0 5
620.714 160.0 1
571.143 417.0 3
884.0 830.667 2
583.5 279.5 2
778.0 135.0 1
436.0 199.75 4
234.0 142.0 4
791.0 131.0 1
277.143 102.857 5
371.143 162.0 4
543.0 245.0 2
412.0 535.267 5
117.0 476.714 5
