459.0 336.0 5
579.571 335.0 3
445.5 124.5 4
271.714 85.0 5
271.0 632.0 5
449.0 377.0 5
350.571 53.4286 5
692.0 597.167 3
159.0 238.0 5
692.0 564.923 2
670.0 55.0 2
440.0 100.0 4
378.714 95.0 4
747.0 58.0 1
907.0 398.429 2
664.714 86.0 1
358.286 91.0 4
317.429 82.0 4
387.143 137.0 4
174.0 198.571 5
745.714 76.7143 2
641.0 441.667 3
411.571 144.0 4
124.286 671.714 5
664.0 487.846 2
469.0 347.0 3
779.0 75.0 1
905.0 739.143 2
477.125 629.125 3
595.667 78.3334 2
848.0 700.0 2
399.143 99.0 4
227.0 659.0 5
130.0 514.0 5
417.0 541.0 5
130.0 474.571 5
685.143 80.0 1
150.0 277.429 5
726.0 66.0 1
905.0 474.143 2
675.538 513.538 2
877.0 738.5 2
762.0 84.0 1
133.0 395.714 5
407.0 508.4 3
506.25 643.0 3
505.857 339.0 3
695.0 616.308 2
893.857 284.857 2
821.429 136.0 2
603.0 333.692 2
426.0 562.2 3
705.571 73.4286 1
311.143 67.0 5
337.857 86.8571 4
446.25 112.25 4
390.0 45.0 5
289.429 104.429 4
622.75 658.0 3
359.0 619.0 5
593.625 656.0 3
542.714 338.0 3
441.0 136.75 4
136.0 356.286 5
448.0 616.0 3
265.0 97.0 4
644.286 91.0 1
524.286 338.0 3
567.0 188.833 2
436.0 418.0 5
129.0 592.857 5
664.286 124.0 1
568.0 151.667 2
626.769 410.769 2
909.0 625.571 2
141.0 316.857 5
585.0 267.0 2
615.429 144.0 1
783.571 103.571 2
772.0 643.0 2
654.0 462.154 2
883.0 247.0 2
124.0 711.143 5
611.833 389.833 3
419.571 100.0 4
126.0 632.286 5
641.462 436.462 2
737.571 95.4286 1
141.0 790.0 5
606.077 385.077 2
433.0 582.0 5
469.0 213.0 5
130.0 553.429 5
575.0 105.5 1
576.0 122.0 1
463.0 131.0 5
535.375 648.0 3
587.0 287.5 2
403.0 622.0 5
685.0 539.231 2
907.0 663.429 2
186.0 702.0 5
419.0 454.6 3
276.0 69.0 4
900.0 322.714 2
574.5 114.5 2
467.0 254.0 5
256.0 93.0 4
713.143 106.0 1
605.0 359.385 2
581.5 138.5 1
911.0 587.714 2
128.0 750.571 5
431.0 53.0 5
198.857 159.143 5
686.0 545.333 3
908.0 549.857 2
905.0 701.286 2
695.0 590.615 2
623.857 93.0 1
707.857 60.0 2
362.714 129.0 4
639.857 133.143 1
906.0 512.0 2
870.0 209.143 2
770.5 79.5 1
603.429 92.0 1
464.0 295.0 5
580.0 246.5 2
681.0 649.0 3
591.0 155.0 1
564.5 652.5 3
410.0 500.0 5
338.286 121.0 4
436.0 149.0 4
128.0 435.143 5
849.286 171.286 2
447.0 623.0 5
315.0 621.0 5
583.0 89.0 1
904.0 360.571 2
467.0 172.0 5
695.0 642.0 2
651.875 655.0 3
668.0 493.5 3
736.5 62.0 1
909.0 436.286 2
487.429 342.0 3
297.0 76.0 4
247.0 89.0 4
733.5 636.0 2
439.2 400.8 3
313.857 113.857 4
895.0 777.0 2
460.0 90.0 5
233.286 119.714 5
632.833 57.0 2
810.5 664.5 2
598.0 338.0 3
159.0 746.0 5
286.5 72.5 4
688.714 116.0 1
587.0 308.0 2
561.143 336.0 3
417.0 459.0 5
568.0 226.0 2
