422.125 787.0 3
835.0 130.429 2
430.0 498.0 3
565.0 122.5 2
385.0 569.6 3
745.0 820.0 3
193.0 90.7143 5
341.0 33.0 5
52.0 639.667 5
412.0 416.467 5
606.625 840.0 3
742.143 53.1429 2
514.375 823.375 3
45.0 689.571 5
494.0 484.0 3
376.0 760.0 3
427.0 310.6 5
915.0 611.857 2
417.0 363.533 5
396.5 168.5 4
645.0 542.615 2
917.0 660.0 2
597.286 128.0 1
558.0 485.0 3
681.0 610.0 3
807.667 859.0 2
556.0 175.333 2
139.75 873.0 5
887.0 226.714 2
72.7619 340.238 5
664.143 95.0 1
224.25 814.75 5
605.923 398.923 2
29.0 939.095 5
526.0 483.0 3
406.667 522.333 5
743.0 767.5 3
845.5 885.5 2
590.0 491.0 3
601.857 197.143 1
380.0 575.267 5
729.0 715.0 3
914.0 419.286 2
686.429 80.5714 1
882.333 921.333 2
411.0 469.4 5
351.0 787.0 5
927.0 997.0 2
446.0 151.8 5
119.476 190.524 5
400.0 130.0 4
731.0 42.0 1
327.571 117.0 4
231.0 63.0 4
911.0 371.143 2
209.0 48.0 4
227.143 110.143 4
730.0 722.231 2
782.0 51.0 1
393.933 46.9333 5
30.0 789.381 5
695.0 650.385 2
918.0 708.143 2
384.25 187.75 4
85.0 290.333 5
560.5 834.0 3
654.0 557.5 3
744.0 794.077 2
728.143 92.8571 1
652.75 844.0 3
250.286 126.286 4
625.714 172.286 1
641.857 109.0 1
598.0 363.0 2
575.0 131.0 1
615.0 470.769 2
624.0 506.692 2
935.0 852.571 2
712.308 686.308 2
913.0 467.429 2
790.286 88.2857 2
204.0 91.0 4
373.0 617.2 3
558.0 228.167 2
319.714 166.0 4
592.0 322.0 2
929.0 804.429 2
100.571 240.429 5
65.25 946.75 5
97.5 906.5 5
650.571 149.429 1
296.571 152.571 4
702.286 116.714 1
664.0 578.538 2
273.429 142.0 4
151.381 140.619 5
567.0 281.0 2
591.333 69.6666 2
681.0 614.462 2
37.0 989.0 5
922.0 756.286 2
376.133 681.133 5
193.0 82.0 4
373.0 628.2 5
913.0 563.714 2
35.0 739.476 5
741.0 35.0 1
404.0 149.25 4
62.0 489.952 5
303.429 111.0 4
613.0 434.846 2
468.25 807.25 3
702.5 662.5 3
908.0 959.167 2
366.0 202.0 4
266.5 795.0 5
561.0 153.25 1
241.19 55.8095 5
182.0 843.0 5
383.0 734.067 5
255.14299999999997 81.1429 4
375.0 664.8 3
937.0 948.857 2
26.0 889.19 5
426.867 98.8667 5
585.0 301.5 2
398.0 522.0 3
732.0 830.0 2
308.75 789.0 5
462.0 487.0 3
622.0 505.0 3
698.875 840.0 3
375.857 126.857 4
448.0 204.733 5
708.714 64.2857 1
57.0 589.762 5
768.0 60.0 1
279.286 96.2857 4
740.154 758.154 2
60.0 539.857 5
676.429 135.0 1
291.095 39.0 5
563.0 197.75 1
906.0 323.0 2
694.0 33.0 2
68.0 390.143 5
751.0 27.0 1
65.0 440.048 5
443.0 257.667 5
938.0 900.714 2
378.0 712.4 3
597.0 342.5 2
342.857 182.0 4
619.571 119.0 1
559.0 175.5 1
865.571 178.571 2
769.833 837.833 2
182.0 73.0 4
754.0 70.0 1
641.167 38.8333 2
26.0 839.286 5
580.0 217.0 1
351.714 118.0 4
901.0 274.857 2
912.0 515.571 2
220.0 56.0 4
