338.25 704.0 5
545.0 284.0 2
875.0 732.714 2
737.0 656.667 3
613.571 199.0 1
396.0 543.4 5
257.714 216.0 4
104.0 850.0 5
386.0 121.0 5
340.857 261.0 4
604.0 433.692 2
722.0 149.0 1
596.0 320.5 2
833.0 446.619 2
757.167 749.0 2
428.429 520.0 3
820.0 375.095 2
593.0 499.0 3
659.286 181.714 1
868.0 840.0 2
653.143 227.857 1
670.0 573.333 3
225.0 719.0 5
567.857 212.0 1
369.0 629.6 3
401.0 536.0 3
627.857 241.143 1
434.6 341.4 5
745.0 691.308 2
773.048 232.048 2
466.25 740.25 3
737.5 175.0 1
601.0 404.846 2
129.0 812.25 5
537.0 267.75 1
636.429 189.571 1
578.286 274.714 1
812.0 339.333 2
124.0 616.286 5
355.143 219.143 4
431.2 381.8 5
579.0 156.0 2
438.0 261.0 4
347.048 126.0 5
565.571 499.0 3
376.0 705.0 5
254.0 175.0 4
531.0 225.25 1
729.0 182.0 1
368.571 275.0 4
601.0 348.25 2
590.714 208.0 1
438.0 244.5 4
279.286 188.0 4
420.625 724.625 3
599.0 491.385 2
561.0 188.0 2
641.0 140.0 2
682.143 170.0 1
447.0 260.6 5
743.0 698.333 3
839.0 518.143 2
740.0 740.0 3
553.0 289.0 1
698.769 604.769 2
738.462 662.462 2
678.429 215.571 1
531.0 246.5 1
557.5 761.0 3
605.0 462.538 2
396.286 280.0 4
703.714 199.286 1
165.0 343.619 5
599.0 376.0 2
876.0 768.476 2
835.667 787.667 2
650.077 549.077 2
151.0 421.524 5
875.0 804.238 2
234.0 164.0 4
455.857 513.0 3
201.0 226.762 5
172.333 304.667 5
545.0 206.0 1
222.0 193.0 4
187.25 742.0 5
511.875 753.0 3
375.0 692.0 3
244.0 170.0 4
369.0 664.6 5
805.0 303.571 2
138.0 538.381 5
329.857 210.0 4
853.0 625.429 2
106.0 733.143 5
382.0 583.8 5
742.846 720.154 2
269.143 160.0 5
538.143 500.0 3
867.952 696.952 2
827.0 410.857 2
426.0 139.4 5
609.0 140.0 2
230.19 189.81 5
230.0 198.0 4
676.762 146.0 2
843.0 553.905 2
678.0 575.923 2
428.8 422.2 5
731.0 749.0 2
860.0 661.19 2
441.0 301.0 5
214.0 188.0 4
449.0 179.8 5
809.5 766.5 2
145.0 460.476 5
141.0 499.429 5
431.0 228.0 4
836.0 482.381 2
159.0 382.571 5
184.0 265.714 5
852.833 813.833 2
712.524 163.0 2
308.095 140.0 5
694.375 759.0 3
603.125 763.0 3
285.429 232.429 4
300.5 704.0 5
152.0 774.5 5
412.0 503.0 5
304.571 200.0 4
632.667 531.667 3
130.667 577.333 5
510.714 502.0 3
549.0 252.0 2
713.5 153.0 1
723.615 633.615 2
783.333 754.333 2
368.8 660.8 3
705.0 157.0 1
116.762 655.238 5
377.0 598.4 3
622.231 520.231 2
435.5 277.5 4
572.75 293.0 2
746.0 168.0 1
389.8 567.2 3
747.286 196.286 2
450.0 220.2 5
796.0 267.81 2
848.0 589.667 2
313.143 248.0 4
555.0 220.0 2
602.571 252.429 1
262.75 707.25 5
370.0 624.2 5
105.0 811.048 5
405.714 224.0 4
105.0 772.095 5
648.75 764.0 3
707.0 615.0 3
380.429 222.0 4
106.0 694.19 5
483.286 507.0 3
424.0 290.0 4
422.0 462.6 5
