368.143 184.0 4
802.0 647.923 2
463.2 278.8 5
634.5 731.0 3
531.5 710.5 3
332.714 162.0 4
324.857 133.143 5
519.429 433.0 3
399.0 416.667 5
226.667 244.333 5
845.0 432.762 2
184.0 356.524 5
805.333 729.333 2
167.0 496.762 5
174.0 608.952 5
629.0 486.154 2
385.0 502.4 3
385.857 192.857 4
332.75 572.0 5
689.143 145.0 1
649.462 385.538 2
669.571 198.429 1
686.0 732.0 3
826.0 725.476 2
192.524 328.476 5
570.0 187.0 1
716.667 529.0 3
551.286 442.0 3
665.833 511.0 3
466.0 175.4 5
739.0 170.0 1
432.0 168.0 4
850.0 497.81 2
176.0 412.619 5
487.571 428.0 3
358.875 578.0 5
720.5 135.0 1
386.0 473.2 3
385.0 589.0 5
629.571 170.0 1
386.0 485.6 5
641.0 107.0 2
577.0 248.0 1
471.0 217.5 4
794.333 615.333 3
390.0 531.6 3
571.0 219.167 2
173.0 440.667 5
392.0 590.0 3
766.5 564.5 3
749.308 548.308 2
392.0 444.0 3
450.0 169.0 4
392.0 554.533 5
443.467 109.0 5
735.0 172.571 2
421.286 223.0 4
801.0 666.167 3
732.0 131.0 1
789.0 717.0 3
589.857 184.0 1
657.5 314.5 2
669.286 153.0 1
848.0 562.857 2
433.5 638.5 3
246.0 216.286 5
463.0 140.933 5
809.5 736.5 2
649.429 162.0 1
782.619 237.619 2
179.0 637.0 5
455.75 236.25 4
737.5 729.0 3
204.0 300.429 5
615.5 248.5 2
315.0 152.0 4
569.0 232.75 1
656.0 352.0 2
682.231 513.0 2
578.0 250.0 2
414.0 159.0 4
802.0 270.143 2
826.0 335.19 2
673.524 117.0 2
254.375 570.0 5
215.619 272.381 5
778.846 580.846 2
709.0 139.0 1
583.143 460.143 3
306.625 568.0 5
475.0 197.75 4
434.267 347.733 5
352.905 114.0 5
748.0 166.0 1
360.0 130.0 4
839.0 627.905 2
423.857 430.143 3
468.0 178.0 4
715.857 178.0 1
466.0 244.333 5
389.0 520.067 5
202.125 610.875 5
848.0 465.286 2
706.048 140.048 2
392.0 451.133 5
759.095 205.095 2
171.0 580.905 5
389.0 560.8 3
796.0 715.0 2
167.0 524.81 5
692.714 188.286 1
829.048 692.952 2
800.167 722.167 2
757.0 163.0 1
646.429 209.571 1
280.5 568.0 5
642.923 419.077 2
299.0 134.0 4
850.0 530.333 2
179.0 384.571 5
455.714 427.0 3
378.0 141.0 4
566.0 202.25 1
167.0 552.857 5
436.0 240.0 4
396.0 149.0 4
615.0 483.0 3
566.0 217.5 1
600.143 240.0 1
412.0 382.2 5
623.286 226.0 1
350.429 172.0 4
823.0 758.0 2
467.0 209.867 5
648.0 277.0 2
297.81 160.19 5
570.0 188.333 2
453.733 313.267 5
583.0 126.667 2
305.0 144.0 4
170.0 468.714 5
715.769 526.0 2
845.0 595.381 2
834.0 367.714 2
816.0 302.667 2
583.0 726.0 3
380.952 104.0 5
833.0 660.429 2
480.0 684.0 3
228.25 586.75 5
409.0 99.0 5
342.0 120.0 4
802.0 681.462 2
403.571 207.571 4
818.833 750.833 2
814.0 743.667 2
323.0 107.0 4
272.762 188.238 5
572.0 157.5 2
610.167 109.0 2
609.714 179.0 1
635.0 452.615 2
332.5 113.5 4
648.692 503.0 2
840.0 400.238 2
798.385 614.385 2
