412.0 142.0 4
431.0 438.667 5
405.0 687.0 3
653.0 66.0 2
572.25 155.75 1
672.538 591.538 2
616.0 332.0 2
147.0 615.667 5
643.0 554.462 2
393.0 80.0 5
422.0 535.333 5
850.0 401.857 2
622.571 131.429 1
188.0 271.286 5
631.375 837.0 3
480.143 509.0 3
346.0 132.0 4
377.714 176.0 4
290.25 783.0 5
734.0 665.692 2
450.571 526.429 3
641.857 126.143 1
872.0 570.238 2
264.0 136.0 4
447.667 390.333 5
649.857 167.0 1
263.857 143.143 5
174.0 357.381 5
229.0 185.19 5
769.0 813.0 3
605.286 192.714 1
772.0 776.923 2
272.0 140.0 4
615.5 307.5 2
716.714 136.0 1
539.625 827.0 3
773.0 762.667 3
680.429 114.571 1
473.667 148.667 5
441.333 101.0 5
628.385 517.385 2
203.762 228.238 5
457.0 213.0 4
620.0 406.154 2
430.571 203.571 4
767.333 712.333 3
627.571 179.0 1
539.286 494.0 3
672.143 155.0 1
842.0 359.762 2
628.0 511.0 3
368.0 136.0 4
598.429 496.0 3
583.0 201.0 1
582.333 94.6666 2
493.75 817.75 3
256.0 133.0 4
574.0 240.0 2
146.0 873.952 5
407.0 731.0 3
150.381 572.619 5
159.0 917.0 5
790.333 821.0 2
325.5 773.0 5
661.143 120.857 1
465.0 293.667 5
420.333 583.667 5
186.5 846.5 5
835.0 844.0 2
894.0 864.905 2
704.615 628.615 2
411.0 632.0 5
694.429 145.571 1
306.905 110.095 5
778.0 149.286 2
324.0 128.0 4
585.5 834.0 3
735.0 662.0 3
404.143 188.0 4
405.0 728.667 5
748.5 117.5 1
324.857 162.857 4
421.0 599.0 3
360.75 773.0 5
477.0 197.0 5
351.286 170.0 4
699.714 107.286 1
623.0 443.231 2
420.0 487.0 5
426.0 555.0 3
903.0 780.714 2
567.0 203.667 2
877.0 612.333 2
571.0 171.5 1
728.0 93.0 1
289.5 113.5 4
739.0 122.0 1
723.125 832.0 3
129.19 744.81 5
616.667 72.3334 2
568.857 493.0 3
406.0 680.333 5
902.0 822.81 2
456.0 141.0 4
396.0 777.0 5
138.0 701.762 5
349.952 91.0 5
171.0 400.429 5
180.0 314.333 5
855.333 862.333 2
219.75 821.0 5
434.0 143.0 4
610.0 283.0 2
625.0 480.308 2
467.0 177.0 4
134.0 830.905 5
302.0 118.0 4
870.667 884.667 2
857.0 443.952 2
719.0 99.0 1
154.0 529.571 5
603.286 136.0 1
820.0 233.476 2
801.381 191.381 2
144.0 658.714 5
885.0 696.524 2
691.667 611.667 3
861.0 486.048 2
463.0 342.0 5
255.0 802.0 5
467.0 159.0 4
390.0 139.0 4
570.0 131.0 2
758.0 113.0 1
597.5 258.5 2
737.19 113.19 2
164.0 443.476 5
298.429 151.429 4
762.0 702.769 2
412.0 643.0 3
830.571 275.571 2
509.714 498.0 3
618.0 369.077 2
837.0 317.667 2
470.0 245.333 5
447.875 801.875 3
573.25 187.25 1
649.333 561.333 3
737.0 87.0 1
466.0 195.0 4
875.0 907.0 2
677.25 838.0 3
768.0 814.0 2
584.0 140.0 1
277.0 109.0 4
402.0 775.0 3
892.0 738.619 2
864.0 528.143 2
770.0 739.846 2
812.667 830.0 2
695.095 90.0 2
167.0 881.75 5
570.0 167.333 2
880.0 654.429 2
124.0 787.857 5
158.0 486.524 5
