429.0 588.333 5
470.0 290.333 5
636.0 475.0 3
459.0 176.5 4
422.0 614.4 3
361.714 178.714 4
898.0 574.762 2
657.385 510.385 2
888.0 910.0 2
888.0 323.333 2
447.0 131.0 4
524.571 467.0 3
559.5 179.5 1
765.333 846.0 2
425.429 133.0 4
691.75 844.0 3
796.0 856.0 2
727.0 94.0 1
614.857 131.0 1
308.857 149.857 4
744.0 653.0 3
903.0 700.476 2
613.0 359.0 2
899.0 532.857 2
440.0 538.667 5
679.231 548.231 2
618.0 302.0 2
704.571 101.0 1
84.0 646.333 5
766.81 116.81 2
339.143 115.0 4
580.0 147.0 2
637.286 123.0 1
659.714 116.0 1
745.0 89.0 1
703.077 586.077 2
574.0 848.0 3
104.0 505.476 5
467.0 191.0 5
107.0 458.524 5
256.0 128.0 4
609.0 396.846 2
495.5 825.0 3
63.0 740.238 5
737.0 813.154 2
857.333 888.333 2
453.0 141.333 5
615.0 434.692 2
580.286 464.0 3
469.857 486.143 3
760.0 771.667 3
382.286 127.0 4
783.0 114.0 1
745.0 661.769 2
620.0 330.5 2
388.143 193.0 4
467.0 340.0 5
280.095 106.905 5
894.0 365.238 2
111.0 364.619 5
724.905 93.0 2
473.0 240.667 5
904.0 784.286 2
120.333 317.667 5
102.0 552.429 5
108.0 411.571 5
652.5 850.0 3
635.538 472.538 2
335.286 163.286 4
726.0 623.923 2
65.0 881.095 5
897.0 868.095 2
58.0 834.143 5
758.0 699.615 2
608.143 468.0 3
414.571 208.571 4
433.0 564.2 3
603.0 107.0 2
560.0 158.25 1
682.143 108.857 1
454.0 199.75 4
734.667 839.0 2
440.0 223.0 4
317.571 107.571 4
55.0 787.19 5
73.0 928.048 5
327.048 85.0 5
901.0 490.952 2
612.857 198.143 1
233.143 141.857 5
415.0 787.0 5
241.5 122.0 4
445.0 489.0 5
191.25 844.75 5
423.667 92.6666 5
119.75 930.25 5
761.0 712.333 3
880.0 281.429 2
601.5 277.5 2
573.0 267.0 2
147.5 885.5 5
716.286 142.0 1
420.0 714.8 3
552.429 464.0 3
280.0 93.0 4
571.0 187.0 2
843.619 197.619 2
898.0 616.667 2
418.0 638.0 5
638.714 177.0 1
370.25 785.0 5
690.429 154.0 1
898.0 407.143 2
534.75 839.0 3
671.333 534.333 3
742.143 130.857 1
709.667 593.667 3
755.0 775.308 2
454.0 439.333 5
426.0 765.0 3
134.286 270.714 5
448.0 514.0 3
798.0 109.0 1
296.0 100.0 4
360.714 121.0 4
683.0 81.0 2
763.0 84.0 1
153.0 223.762 5
592.429 137.0 1
900.0 658.571 2
416.0 664.6 3
613.25 850.0 3
282.429 137.429 4
374.0 78.0 5
460.0 389.667 5
643.0 84.0 2
664.571 165.0 1
704.0 837.0 2
826.667 868.0 2
325.5 787.0 5
759.0 737.462 2
496.714 473.286 3
901.0 449.048 2
93.0 975.0 5
457.0 153.25 4
907.0 742.381 2
456.25 802.0 3
227.0 116.0 4
264.0 88.0 4
403.857 131.0 4
416.0 687.667 5
236.0 813.0 5
807.714 155.714 2
419.0 737.333 5
567.0 200.75 1
570.0 137.0 1
571.0 227.0 2
280.75 793.0 5
74.0 693.286 5
901.0 826.19 2
768.0 119.0 1
186.19 177.81 5
731.0 831.0 3
587.0 215.0 1
864.0 239.524 2
96.0 599.381 5
