141.0 406.0 5
676.0 541.615 2
428.8 468.2 5
798.0 106.0 1
126.0 494.667 5
412.857 183.857 4
325.857 108.857 4
655.0 799.0 3
863.333 858.333 2
607.667 111.333 2
755.0 696.0 3
77.0 849.333 5
81.3333 760.667 5
395.0 561.8 5
650.692 507.692 2
777.0 753.5 3
913.714 748.714 2
92.0 716.333 5
785.5 113.0 1
461.0 374.6 5
698.0 575.538 2
333.143 151.0 4
628.769 473.769 2
805.667 816.0 2
607.0 297.0 2
648.714 180.286 1
444.0 444.0 3
116.125 897.875 5
878.0 408.143 2
634.429 137.571 1
277.0 91.0 4
392.0 563.6 3
371.571 121.571 4
417.286 134.0 4
729.571 92.5714 2
440.8 97.8 5
394.429 128.0 4
133.0 450.333 5
892.0 535.857 2
519.857 436.0 3
775.333 809.333 2
152.0 361.667 5
601.0 221.0 1
584.0 163.75 1
306.571 142.0 4
466.0 194.5 4
916.0 833.857 2
612.714 143.0 1
562.0 795.0 3
77.0 805.0 5
812.714 152.714 2
773.0 120.0 1
378.0 702.2 5
732.0 643.385 2
476.0 187.4 5
772.143 120.143 2
588.0 234.833 2
95.0 672.0 5
611.0 347.0 2
595.714 446.714 3
249.0 115.0 4
677.857 122.0 1
916.0 791.286 2
588.0 276.0 2
380.0 683.2 3
884.667 888.667 2
874.0 323.0 2
699.571 114.429 1
899.0 621.0 2
439.429 200.429 4
723.286 142.714 1
896.0 578.429 2
592.0 193.667 2
883.0 450.714 2
349.667 87.0 5
621.0 466.0 3
440.143 139.143 4
587.0 205.25 1
584.0 184.5 1
165.0 317.333 5
95.0 938.0 5
867.0 280.429 2
305.333 104.0 5
272.625 784.0 5
701.5 797.5 3
886.0 493.286 2
570.429 440.0 3
394.0 77.0 5
745.0 803.0 2
110.0 583.333 5
261.0 141.0 5
290.0 97.0 4
687.0 75.0 2
623.857 198.0 1
698.429 154.0 1
466.0 177.0 4
417.0 503.8 3
699.0 581.0 3
618.0 439.846 2
469.0 785.0 3
611.923 405.923 2
613.0 322.0 2
836.0 830.0 2
748.143 131.0 1
102.0 627.667 5
198.333 228.667 5
855.0 237.857 2
716.462 609.462 2
376.0 743.0 3
876.0 365.571 2
599.0 152.5 2
352.875 755.125 5
224.667 184.333 5
515.5 791.0 3
659.5 523.5 3
838.0 195.286 2
494.571 435.0 3
380.0 623.4 3
604.0 372.0 2
359.714 159.0 4
413.0 515.0 5
608.5 798.0 3
450.0 421.4 5
743.0 93.0 1
465.0 212.0 4
906.143 706.143 2
393.0 749.0 5
468.0 281.0 5
83.0 893.667 5
469.286 438.714 3
748.0 794.0 3
312.75 773.0 5
381.0 608.6 5
591.0 143.0 1
901.0 663.571 2
469.0 159.5 4
386.286 171.0 4
763.231 711.231 2
119.0 539.0 5
476.0 140.6 5
192.375 829.625 5
772.0 779.077 2
756.5 88.0 1
728.5 638.5 3
721.286 104.714 1
770.0 83.0 1
645.833 80.1666 2
471.0 234.2 5
747.0 677.308 2
232.5 801.5 5
379.0 655.4 5
152.25 859.75 5
422.5 774.0 3
673.571 166.0 1
178.0 273.0 5
905.0 919.0 2
466.0 327.8 5
303.0 102.0 4
656.143 128.857 1
264.5 124.0 4
280.0 131.0 4
912.571 876.429 2
545.143 438.0 3
463.0 143.0 4
348.714 115.0 4
775.0 745.154 2
