278.0 67.0 4
737.0 565.0 3
405.0 687.0 5
684.714 110.286 1
384.0 47.0 5
371.143 157.143 4
324.571 133.0 4
673.0 45.0 2
174.25 775.75 5
404.0 683.0 3
377.571 103.0 4
903.0 612.857 2
442.0 328.6 5
139.0 564.0 5
731.231 550.231 2
178.0 274.0 5
710.143 103.0 1
468.0 239.0 5
688.0 760.0 2
489.875 730.875 3
604.375 767.0 3
736.857 137.0 1
583.0 129.0 1
820.429 163.429 2
713.857 52.8571 2
518.5 742.0 3
883.833 816.833 2
164.0 356.857 5
581.0 148.75 1
418.0 491.8 3
922.0 776.286 2
620.0 195.0 2
803.0 102.0 1
430.0 463.0 5
753.692 592.692 2
633.0 771.0 3
916.857 817.143 2
122.0 812.571 5
606.286 411.0 3
562.0 109.0 2
638.571 192.429 1
462.714 423.286 3
226.0 149.714 5
705.5 763.0 3
389.0 635.2 3
143.0 522.571 5
770.333 759.667 2
403.429 113.0 4
852.667 775.667 2
481.0 131.0 4
575.75 762.0 3
735.571 95.0 1
872.0 326.857 2
611.0 58.0 2
671.308 465.308 2
754.714 84.7143 2
125.0 688.286 5
851.0 245.143 2
766.154 635.154 2
169.571 315.429 5
698.769 507.769 2
301.286 120.0 4
633.0 380.385 2
794.5 106.5 1
562.0 171.0 2
917.0 694.571 2
622.0 295.462 2
629.0 253.0 2
786.0 111.0 1
347.857 144.857 4
128.0 646.857 5
547.125 754.0 3
761.429 125.571 1
659.286 118.0 1
491.429 411.0 3
325.857 84.8571 4
383.4 597.4 5
712.286 147.0 1
580.0 79.0 2
153.0 439.714 5
765.0 710.0 3
441.0 202.0 4
429.286 122.0 4
460.75 193.25 4
909.0 653.714 2
155.0 814.875 5
405.2 507.8 5
459.0 104.6 5
203.857 191.143 5
365.875 691.0 5
455.143 126.0 4
190.0 232.571 5
474.0 194.2 5
441.0 373.4 5
301.143 71.8571 5
440.0 418.2 5
248.5 716.5 5
663.143 173.857 1
124.0 729.714 5
140.0 854.0 5
391.0 642.2 5
642.0 48.0 2
614.0 201.0 1
900.0 572.0 2
898.0 531.143 2
886.571 408.571 2
432.625 703.625 3
265.5 101.5 4
148.0 481.143 5
261.714 109.286 5
326.75 693.0 5
394.429 173.429 4
922.0 735.429 2
278.0 108.0 4
786.0 72.0 1
768.0 677.615 2
895.0 490.286 2
633.857 124.143 1
862.0 286.0 2
469.0 172.5 4
892.0 449.429 2
729.167 760.0 2
209.375 740.625 5
905.0 858.0 2
650.0 422.846 2
557.0 140.0 2
461.25 719.0 3
689.0 492.5 3
629.0 224.0 2
342.571 54.0 5
764.0 637.5 3
391.0 539.6 3
520.143 405.857 3
452.0 283.8 5
763.923 720.077 2
811.5 759.5 2
120.0 771.143 5
608.429 128.0 1
635.0 420.0 3
617.0 337.923 2
761.0 85.0 1
428.8 61.0 5
838.286 204.286 2
591.0 175.0 2
577.571 404.0 3
287.625 705.0 5
434.0 444.0 3
548.857 404.0 3
773.5 80.0 1
794.571 122.571 2
253.0 94.0 4
386.0 552.6 5
159.714 398.286 5
300.0 76.0 4
289.0 72.0 4
597.0 188.25 1
351.714 95.0 4
417.714 192.714 4
384.0 587.4 3
471.0 149.4 5
880.0 367.714 2
478.25 151.75 4
730.462 752.0 2
687.714 158.0 1
133.571 605.429 5
590.0 168.5 1
