213.5 180.5 4
446.0 634.2 3
392.571 194.0 4
164.125 882.875 5
872.81 352.81 2
778.0 108.0 1
447.0 378.667 5
679.143 156.857 1
362.0 78.0 5
333.143 189.143 4
559.0 179.333 2
276.667 114.333 5
761.0 119.0 1
582.0 254.0 1
448.333 125.333 5
346.429 236.0 4
227.0 184.0 4
555.0 192.25 1
348.75 767.0 5
538.143 494.0 3
562.75 236.75 1
446.0 771.0 3
160.0 285.0 5
926.0 777.571 2
845.667 815.667 2
601.25 320.75 2
862.0 310.333 2
390.875 771.0 5
457.0 176.0 5
638.571 223.0 1
578.75 812.75 3
442.0 682.667 5
236.0 157.0 5
273.714 173.714 4
433.0 784.0 5
789.333 695.333 3
376.286 245.0 4
176.667 242.333 5
306.625 769.375 5
800.0 796.0 3
436.0 269.0 4
709.0 551.769 2
445.0 733.333 5
244.0 163.0 4
723.429 176.0 1
666.857 208.143 1
835.0 225.381 2
901.167 882.167 2
780.0 143.0 1
448.0 588.6 3
570.0 174.0 1
799.0 724.077 2
773.0 655.154 2
606.923 413.923 2
122.0 839.667 5
591.25 275.25 2
452.0 543.0 3
918.0 905.0 2
779.0 140.429 2
406.143 256.0 4
711.5 819.0 3
894.238 480.238 2
218.0 154.0 4
610.286 241.0 1
456.0 226.667 5
144.667 370.333 5
800.0 793.0 2
907.0 607.667 2
264.5 780.0 5
904.0 565.19 2
128.0 626.333 5
135.0 498.333 5
446.0 632.0 5
816.905 182.905 2
412.667 84.0 5
231.0 159.0 4
452.0 195.0 4
444.0 480.0 5
138.0 413.0 5
698.476 70.0 2
884.0 437.762 2
924.0 735.095 2
445.0 679.8 3
185.25 840.75 5
655.0 482.846 2
918.0 692.619 2
443.0 530.667 5
767.0 645.0 3
656.0 61.0 2
787.5 138.5 1
149.0 925.0 5
651.857 166.0 1
131.333 882.333 5
534.5 802.0 3
631.0 448.385 2
593.0 345.0 2
789.0 689.615 2
740.952 98.9524 2
624.571 172.0 1
490.25 790.0 3
755.75 813.0 3
866.5 836.5 2
706.429 145.0 1
877.0 395.286 2
567.0 260.0 2
579.0 98.6666 2
303.429 184.0 4
912.0 650.143 2
152.0 327.667 5
563.0 139.0 2
902.0 522.714 2
624.286 484.0 3
769.5 113.5 1
604.0 296.5 2
286.714 209.714 4
456.0 328.0 5
480.714 517.286 3
566.857 488.0 3
923.476 862.524 2
695.143 193.857 1
200.0 177.0 4
222.375 804.625 5
319.333 85.0 5
680.308 517.308 2
133.0 541.0 5
201.0 199.667 5
800.0 758.538 2
795.0 134.0 1
120.0 797.0 5
885.0 859.333 2
653.0 494.0 3
454.0 255.0 4
615.667 70.0 2
256.857 196.857 4
800.0 745.667 3
560.0 219.667 2
587.462 379.462 2
460.0 215.0 4
927.0 820.048 2
131.0 583.667 5
733.714 132.286 1
623.0 819.0 3
445.0 581.333 5
459.0 235.0 4
557.0 214.5 1
754.692 620.692 2
739.667 594.667 3
443.0 725.4 3
124.0 669.0 5
457.0 277.333 5
667.25 821.0 3
849.857 267.857 2
595.571 485.0 3
751.714 159.0 1
121.0 711.667 5
509.429 502.571 3
734.231 586.231 2
422.286 194.0 4
362.857 193.0 4
316.571 224.571 4
444.667 429.333 5
700.333 544.333 3
822.833 801.0 2
597.286 177.0 1
119.0 754.333 5
137.0 455.667 5
