604.0 229.0 2
601.0 157.0 2
465.867 75.8667 5
632.0 349.154 2
740.0 710.692 2
332.857 91.0 5
245.0 214.857 5
390.75 737.0 5
888.0 698.143 2
423.0 729.0 3
478.0 179.5 4
191.0 598.0 5
365.143 116.0 4
418.0 675.2 3
601.0 193.0 2
691.0 566.077 2
188.0 640.571 5
746.857 107.0 1
635.0 290.5 2
422.0 698.133 5
416.0 171.0 4
179.0 853.429 5
660.769 493.769 2
895.0 523.857 2
285.0 764.0 5
768.143 136.857 1
756.0 790.0 2
894.0 654.571 2
804.0 126.0 1
184.0 725.714 5
464.0 195.0 4
632.462 421.462 2
458.0 460.0 3
441.333 506.667 5
555.714 407.286 3
416.267 650.267 5
580.143 405.0 3
418.0 58.0 5
792.714 138.0 2
642.0 60.0 2
740.0 704.833 3
700.0 588.5 3
721.571 69.5714 2
895.0 741.714 2
259.714 172.286 5
898.0 828.857 2
648.857 174.143 1
485.0 171.6 5
302.0 111.0 4
613.625 786.0 3
880.0 349.571 2
482.429 436.571 3
696.571 156.0 1
499.25 773.0 3
600.0 121.0 2
282.5 135.5 4
388.714 119.0 4
537.375 785.0 3
624.5 245.5 2
506.857 420.143 3
728.0 763.0 3
320.0 145.0 4
412.0 621.4 3
484.0 162.0 4
199.0 470.286 5
269.0 131.0 4
191.0 896.0 5
678.923 529.923 2
894.0 480.286 2
871.0 884.0 2
771.0 104.0 1
202.0 427.714 5
782.0 102.0 1
296.0 139.0 4
422.0 554.533 5
593.0 144.75 1
451.0 363.067 5
744.286 143.0 1
652.0 472.167 3
207.25 860.75 5
886.0 393.143 2
893.0 567.429 2
865.0 262.429 2
320.25 746.75 5
488.0 123.733 5
757.143 103.143 2
318.0 112.0 4
185.0 683.143 5
689.875 777.0 3
674.429 112.0 1
294.286 129.714 5
820.0 820.0 2
194.0 555.429 5
849.0 852.0 2
459.429 128.0 4
672.714 163.286 1
414.0 602.4 5
183.0 768.286 5
531.286 412.0 3
454.0 410.933 5
604.571 408.0 3
634.0 268.0 2
602.0 123.0 1
212.0 342.571 5
375.429 68.0 5
852.0 218.857 2
650.286 118.0 1
891.0 436.714 2
626.143 121.0 1
231.571 257.429 5
341.571 115.0 4
454.0 458.8 5
206.0 385.143 5
833.286 175.286 2
629.0 414.0 3
461.125 753.125 3
392.0 164.0 4
441.0 513.8 3
476.533 219.467 5
435.857 128.0 4
179.143 810.857 5
220.0 300.0 5
645.615 457.615 2
457.0 315.2 5
608.0 85.0 2
418.4 567.6 3
286.0 108.0 4
355.5 736.5 5
788.0 799.0 2
722.714 110.0 1
603.25 186.0 1
249.75 791.25 5
625.0 194.0 1
575.5 787.0 3
368.0 157.0 4
593.0 166.5 1
678.0 56.0 2
724.0 783.0 2
223.5 825.5 5
344.0 150.0 4
698.571 109.0 1
627.0 385.308 2
467.0 267.333 5
898.0 785.286 2
196.0 512.857 5
720.429 149.571 1
412.286 123.286 4
678.0 530.333 3
895.0 872.429 2
704.0 602.231 2
793.0 99.0 1
440.0 180.0 4
426.0 746.0 5
881.0 916.0 2
874.0 306.0 2
632.0 313.0 2
483.0 127.0 4
816.0 123.0 1
487.0 144.5 4
893.0 611.0 2
651.75 783.0 3
727.667 646.667 3
722.0 638.385 2
736.0 674.538 2
792.0 130.0 1
736.0 746.846 2
