217.286 208.714 5
468.0 172.4 5
160.0 666.429 5
471.0 266.0 5
150.0 742.714 5
154.429 704.571 5
431.0 734.0 3
430.714 184.0 4
459.0 182.0 4
477.25 757.25 3
174.0 475.714 5
382.375 721.0 5
317.571 167.0 4
465.0 406.4 5
686.762 96.7619 2
570.0 138.5 2
674.714 202.0 1
791.333 689.333 3
662.25 782.0 3
722.0 555.333 3
903.0 790.167 2
644.0 486.0 3
598.0 243.0 1
391.0 217.0 4
728.692 561.692 2
154.0 819.0 5
918.0 698.714 2
890.667 547.667 2
824.0 207.81 2
590.571 486.0 3
684.143 159.0 1
614.0 322.0 2
174.0 437.571 5
798.0 734.0 2
747.0 600.0 3
762.286 141.0 2
920.0 736.476 2
421.0 228.0 4
595.0 173.0 1
841.667 740.0 2
346.857 90.0 5
863.5 750.5 2
271.0 181.0 4
623.571 223.429 1
764.615 630.615 2
270.571 134.429 5
374.143 179.143 4
630.0 257.0 2
171.0 513.857 5
470.0 359.6 5
872.0 358.857 2
649.143 210.0 1
799.0 734.0 3
630.0 289.5 2
315.125 707.0 5
708.5 774.0 3
649.0 83.0 2
771.0 644.667 3
751.429 164.571 1
222.0 163.0 4
569.75 786.0 3
180.625 785.375 5
617.286 175.714 1
921.0 774.238 2
422.0 640.4 5
261.0 150.0 4
451.0 247.0 4
585.333 106.667 2
483.714 511.28599999999994 3
428.0 607.4 3
438.0 565.2 3
725.857 176.143 1
843.571 245.571 2
630.0 459.846 2
240.0 142.0 4
578.0 229.5 1
559.0 202.167 2
192.0 285.0 5
603.5 233.0 2
469.0 216.0 4
777.0 152.0 1
432.0 593.6 5
797.0 141.0 1
787.0 146.0 1
702.231 527.231 2
884.143 472.143 2
885.333 769.333 2
762.0 128.0 1
231.5 167.5 4
728.714 142.286 1
345.857 173.0 4
639.571 173.0 1
575.0 184.5 1
754.75 764.0 3
796.0 699.538 2
617.167 86.0 2
416.0 734.0 5
402.429 184.0 4
289.286 158.286 4
562.0 170.333 2
348.75 709.75 5
706.429 151.0 1
661.857 167.0 1
240.429 170.571 5
510.429 501.0 3
895.0 585.429 2
467.0 199.0 4
247.875 726.125 5
724.524 116.524 2
163.0 628.286 5
616.0 787.0 3
308.714 107.0 5
183.0 361.286 5
621.0 390.923 2
179.0 399.429 5
571.0 234.0 2
798.048 170.048 2
773.0 122.0 1
469.0 453.2 5
626.0 425.385 2
447.0 546.8 5
637.0 494.308 2
462.0 500.0 5
149.0 780.857 5
185.0 323.143 5
167.0 552.0 5
468.0 219.2 5
912.0 812.0 2
563.857 488.0 3
301.0 193.0 4
523.5 777.0 3
431.8 88.8 5
465.0 233.0 4
700.286 189.0 1
887.0 509.905 2
780.0 665.077 2
214.25 752.75 5
385.0 81.0 5
165.0 590.143 5
878.0 396.619 2
751.0 134.0 1
857.0 283.333 2
819.833 736.0 2
910.0 660.952 2
749.0 596.154 2
202.0 246.857 5
902.0 623.19 2
865.095 321.095 2
469.0 312.8 5
537.143 492.0 3
331.0 202.0 4
250.5 146.0 4
670.769 494.769 2
465.6 125.6 5
572.0 207.0 1
457.0 523.0 3
281.5 712.5 5
423.0 691.8 3
361.0 208.0 4
620.0 356.462 2
241.0 172.0 4
882.0 434.381 2
617.286 485.0 3
422.0 687.2 5
687.667 510.667 3
423.0 649.6 3
