406.0 451.667 5
460.0 405.0 3
693.714 84.2857 1
278.0 58.0 5
585.0 398.0 3
345.75 689.75 5
400.0 639.133 5
612.286 106.0 1
501.25 706.0 3
622.0 345.154 2
231.375 717.625 5
394.143 83.0 4
526.0 710.0 3
165.0 378.0 5
282.286 113.0 4
231.0 81.0 4
302.714 85.0 4
824.0 246.333 2
570.0 173.0 2
865.0 811.0 2
416.0 311.067 5
855.0 569.0 2
401.0 466.4 3
175.0 214.0 5
427.0 217.333 5
411.0 404.8 5
371.286 83.0 4
604.0 189.0 2
535.0 395.0 3
644.0 8.0 2
434.0 123.6 5
610.0 404.0 3
720.462 503.462 2
625.0 714.0 3
204.0 132.0 5
257.0 84.0 4
212.0 104.0 4
360.0 17.0 5
763.0 65.0 1
319.0 30.0 5
424.0 97.0 4
171.0 460.0 5
600.25 714.0 3
799.0 737.0 2
534.0 180.0 2
476.5 700.0 3
720.857 74.1429 1
558.0 133.0 1
549.0 115.25 1
873.0 770.667 2
269.5 697.5 5
794.0 125.333 2
818.0 206.0 2
451.75 692.75 3
435.0 412.0 3
413.0 139.0 4
635.0 720.0 2
376.0 545.4 5
348.429 84.0 4
832.0 327.0 2
873.0 690.0 2
617.0 261.0 2
769.615 587.615 2
427.0 684.0 3
606.333 13.0 2
422.0 686.0 5
406.867 35.8667 5
835.0 367.333 2
168.0 419.0 5
617.0 303.077 2
307.625 688.0 5
417.0 83.0 4
666.571 93.0 1
380.0 592.267 5
758.0 719.0 2
765.0 85.0 2
391.0 498.533 5
166.0 542.0 5
752.0 545.538 2
631.231 387.231 2
836.0 407.667 2
426.0 111.0 4
153.0 788.0 5
183.0 173.0 5
868.0 609.333 2
165.0 829.0 5
560.0 396.0 3
672.714 54.0 1
724.667 52.6667 2
256.143 110.0 4
381.2 520.8 3
182.0 790.875 5
843.0 488.333 2
168.0 501.0 5
244.0 83.0 4
431.0 170.467 5
485.0 397.0 3
719.154 700.0 2
424.0 264.2 5
544.0 79.75 1
169.0 255.0 5
639.429 99.0 1
423.0 125.0 4
375.0 575.2 3
873.0 730.333 2
671.0 460.0 3
279.857 84.0 4
383.875 699.0 5
148.0 706.0 5
696.0 704.0 3
776.0 629.692 2
624.429 59.0 1
308.429 116.0 4
540.0 104.667 2
748.0 69.0 1
536.0 142.333 2
619.0 225.0 2
395.0 629.6 3
237.0 94.0 5
154.0 624.0 5
763.0 667.0 3
230.0 106.0 4
847.0 528.667 2
334.571 121.0 4
871.0 649.667 2
721.0 47.0 1
568.667 32.3334 2
684.333 20.3333 2
828.667 286.667 2
197.25 752.75 5
575.5 715.0 3
585.143 117.857 1
676.0 719.0 2
406.0 357.933 5
510.0 395.0 3
360.714 126.0 4
544.0 97.5 1
435.0 76.7333 5
755.5 67.0 1
646.308 429.308 2
161.0 583.0 5
681.385 467.385 2
677.077 706.0 2
166.0 337.0 5
839.0 770.0 2
741.0 43.0 1
648.571 57.0 1
149.0 665.0 5
550.75 713.75 3
545.0 67.0 2
839.0 448.0 2
696.857 50.0 1
552.0 62.0 1
717.0 718.0 2
221.0 105.0 4
576.143 65.0 1
771.0 596.0 3
600.286 65.0 1
731.0 45.0 1
325.571 84.0 4
168.0 296.0 5
386.857 130.0 4
737.0 525.0 3
809.0 165.667 2
152.0 747.0 5
760.231 671.769 2
