447.0 156.8 5
419.714 161.0 4
166.0 327.952 5
446.0 448.4 5
294.0 171.0 4
641.857 142.0 1
663.0 534.0 2
665.143 140.0 1
448.0 497.0 5
362.0 56.0 5
584.714 440.0 3
237.5 112.5 4
298.5 759.0 5
445.0 594.2 5
845.0 469.571 2
219.0 128.0 4
166.0 452.81 5
262.0 157.0 4
506.0 764.0 3
244.0 117.0 4
734.0 642.0 2
597.0 354.0 2
395.625 736.625 5
618.571 144.0 1
428.0 740.0 5
154.0 619.286 5
732.0 750.0 2
845.0 510.714 2
233.75 805.25 5
654.0 802.0 3
843.0 428.429 2
146.0 660.905 5
163.0 577.667 5
579.25 224.0 2
449.0 162.0 4
186.0 869.0 5
612.0 444.0 3
278.762 87.2381 5
547.0 156.667 2
461.0 302.6 5
824.0 837.667 2
390.429 161.0 4
545.0 219.0 2
145.0 702.524 5
330.875 748.0 5
753.0 116.0 1
750.429 140.429 2
426.0 691.2 3
686.0 570.0 2
880.0 757.571 2
580.0 790.0 3
782.571 181.571 2
302.571 142.0 4
737.0 714.0 2
799.0 222.714 2
668.143 76.0 2
162.0 411.19 5
753.0 145.0 1
448.0 568.8 3
866.0 634.143 2
613.0 426.0 2
832.0 346.143 2
721.0 614.5 3
709.286 102.286 2
331.857 150.0 4
854.0 881.0 2
735.0 123.0 1
447.0 399.8 5
736.0 728.167 3
595.833 69.0 2
838.0 387.286 2
168.0 286.333 5
559.0 154.25 1
390.0 188.0 4
621.571 180.429 1
628.0 462.0 2
876.0 675.286 2
454.0 215.0 4
446.2 108.2 5
453.0 351.2 5
266.125 779.0 5
530.143 448.0 3
741.0 678.0 2
167.0 827.381 5
572.0 215.0 1
814.0 263.857 2
836.333 859.333 2
469.0 748.0 3
595.286 142.0 1
808.0 819.0 2
596.286 202.714 1
460.0 254.0 5
461.0 200.25 4
870.0 839.857 2
559.0 174.5 1
432.0 732.0 3
422.0 200.0 4
224.5 134.5 4
744.0 120.0 1
759.0 141.0 1
445.0 609.6 3
674.143 166.0 1
644.0 498.0 2
844.0 551.857 2
647.857 172.143 1
711.0 606.0 2
743.0 786.0 2
273.286 130.0 4
728.0 785.0 3
450.0 205.4 5
361.143 158.0 4
606.0 249.5 2
711.714 130.0 1
688.429 135.0 1
543.0 779.0 3
167.0 494.429 5
438.0 642.8 5
358.0 184.0 4
202.0 836.625 5
237.143 120.857 5
691.0 797.0 3
824.0 305.0 2
165.0 369.571 5
851.0 593.0 2
742.0 671.333 3
167.0 536.048 5
677.667 557.667 3
786.333 807.333 2
543.0 187.833 2
206.0 161.476 5
231.0 108.0 4
617.0 798.0 3
230.0 141.0 4
464.5 185.5 4
174.0 244.714 5
461.286 500.714 3
602.0 390.0 2
595.0 318.0 2
447.0 545.6 5
568.667 94.3334 2
553.0 125.5 2
462.0 170.75 4
156.0 785.762 5
475.571 475.0 3
878.0 798.714 2
764.667 797.667 2
765.0 137.0 1
326.0 180.0 4
562.0 194.75 1
410.6 67.6 5
363.25 739.0 5
428.0 691.4 5
320.381 66.0 5
436.0 650.4 3
627.0 66.0 2
700.429 161.0 1
187.0 203.095 5
604.0 283.75 2
148.0 744.143 5
451.0 528.0 3
502.857 455.0 3
572.0 135.0 1
644.833 500.833 3
557.429 443.0 3
726.714 155.0 1
880.0 716.429 2
