132.0 775.0 5
446.0 192.25 4
613.429 228.571 1
753.0 752.5 3
560.0 233.25 1
721.0 158.0 1
346.857 176.0 4
173.0 442.0 5
439.0 251.0 4
266.0 185.0 4
488.5 746.5 3
283.0 159.0 4
829.0 484.571 2
612.0 500.0 3
559.0 215.5 1
240.5 691.0 5
243.0 176.0 4
170.0 479.0 5
561.25 197.75 1
262.0 154.0 4
326.75 682.0 5
439.0 415.867 5
745.0 148.0 1
678.143 170.0 1
551.0 268.833 2
159.0 590.0 5
427.4 457.6 5
432.0 509.0 3
483.429 498.571 3
400.0 626.0 3
409.0 666.267 5
716.286 190.0 1
672.25 784.75 3
227.0 220.0 5
596.0 390.0 2
169.0 516.0 5
730.462 768.0 2
779.571 212.571 2
604.385 487.385 2
283.625 681.0 5
368.143 178.0 4
180.0 368.0 5
403.0 587.0 3
369.875 691.0 5
817.0 329.143 2
129.0 812.0 5
864.0 756.571 2
534.857 492.0 3
414.286 233.286 4
656.308 552.308 2
654.5 550.5 3
690.571 199.429 1
571.0 180.0 1
389.429 180.0 4
741.0 702.0 3
603.0 454.923 2
765.333 793.0 2
748.0 714.615 2
413.0 708.0 5
131.0 849.0 5
416.0 541.067 5
364.857 216.0 4
458.0 290.667 5
152.0 627.0 5
412.0 548.0 3
143.0 664.0 5
197.375 720.625 5
167.25 762.75 5
692.0 601.0 3
340.143 210.0 4
664.857 207.0 1
718.0 649.692 2
829.0 523.429 2
864.0 912.0 2
186.0 331.0 5
315.429 203.0 4
432.0 175.0 4
443.0 165.467 5
848.333 878.333 2
598.75 781.0 3
631.846 519.846 2
606.0 422.462 2
752.923 747.077 2
835.0 601.143 2
823.0 368.0 2
624.833 138.0 2
709.0 777.0 3
754.0 175.0 1
740.714 178.714 2
701.857 148.857 2
325.571 173.0 4
830.0 445.714 2
457.714 503.0 3
458.0 207.2 5
293.0 148.0 5
867.0 873.143 2
290.714 194.714 4
733.0 153.0 1
663.0 137.0 2
399.0 624.533 5
602.0 364.0 2
592.429 181.429 1
853.0 717.714 2
550.0 307.0 2
639.143 215.857 1
509.143 495.0 3
367.0 120.0 5
136.0 738.0 5
587.714 240.0 1
742.0 180.0 1
553.333 230.667 2
731.667 786.0 2
304.286 168.0 4
700.231 617.231 2
389.571 222.0 4
405.0 665.0 3
867.0 795.429 2
586.286 495.0 3
137.0 701.0 5
447.0 374.133 5
176.0 405.0 5
586.667 155.333 2
256.0 183.0 5
576.0 316.0 2
718.0 651.5 3
330.0 126.0 5
635.5 783.0 3
254.5 180.5 4
562.0 251.0 1
699.571 165.0 1
827.667 844.667 2
450.0 212.5 4
460.0 248.933 5
798.0 811.0 2
154.0 805.875 5
766.0 170.0 1
272.5 156.5 4
408.733 130.0 5
195.0 294.0 5
866.0 834.286 2
405.0 582.8 5
830.0 562.286 2
656.714 173.286 1
698.0 780.0 2
210.0 257.0 5
560.571 492.0 3
422.0 499.333 5
562.0 192.5 2
841.0 640.0 2
164.0 553.0 5
635.286 178.0 1
525.25 764.0 3
410.714 183.0 4
732.154 682.154 2
681.0 584.769 2
801.0 251.429 2
449.25 232.75 4
846.857 678.857 2
451.75 726.0 3
562.0 774.0 3
596.0 338.0 2
810.0 290.286 2
415.0 704.0 3
453.0 332.4 5
827.0 406.857 2
613.857 181.0 1
