558.5 766.5 3
175.0 379.286 5
875.0 778.19 2
663.0 509.0 3
571.286 468.0 3
460.0 209.75 4
144.0 708.429 5
553.0 213.167 2
217.5 159.5 4
724.333 596.333 3
166.0 543.857 5
557.5 133.5 2
473.5 733.0 3
566.0 153.0 1
656.714 183.0 1
282.857 144.0 4
456.0 251.667 5
451.0 337.133 5
874.0 739.286 2
288.429 183.0 4
142.0 790.714 5
351.75 716.0 5
819.0 233.524 2
566.0 216.0 1
714.286 125.0 1
340.571 152.0 4
168.0 502.714 5
170.0 461.571 5
769.667 727.333 3
664.769 506.769 2
462.0 173.25 4
256.714 172.0 4
446.0 508.067 5
210.0 157.0 4
441.0 539.0 3
216.429 173.571 5
431.0 707.0 3
825.5 802.0 2
254.0 138.0 4
789.167 780.0 2
148.714 667.286 5
595.0 341.0 2
272.5 753.0 5
782.714 156.714 2
243.0 137.0 4
835.143 389.143 2
159.0 626.143 5
553.0 173.333 2
751.0 640.0 3
455.6 294.4 5
643.5 779.0 3
686.923 539.923 2
630.143 194.857 1
590.714 154.0 1
450.0 422.6 5
831.0 311.333 2
146.0 873.0 5
709.857 160.0 1
193.25 797.75 5
841.667 819.667 2
683.286 172.0 1
554.0 253.0 2
294.714 101.286 5
865.0 856.0 2
369.429 155.0 4
728.5 786.0 3
736.429 148.0 1
335.857 85.1429 5
449.0 497.0 3
854.0 837.833 2
183.0 297.0 5
855.0 661.476 2
436.0 550.8 5
848.0 622.571 2
351.857 198.0 4
771.0 772.0 2
632.429 490.0 3
615.429 148.571 1
728.0 606.231 2
586.333 101.667 2
664.857 136.0 1
559.0 195.0 1
430.0 581.0 3
602.0 282.5 2
640.143 142.0 1
173.0 420.429 5
516.0 753.0 3
312.125 730.875 5
837.0 505.857 2
427.0 593.533 5
419.0 636.267 5
431.0 679.0 5
456.0 166.2 5
479.571 478.0 3
775.0 136.0 1
450.0 123.467 5
768.0 738.846 2
739.0 117.0 1
864.0 700.381 2
225.0 162.0 4
825.429 272.429 2
807.333 789.333 2
144.0 831.857 5
871.0 817.095 2
631.0 440.462 2
834.0 350.238 2
837.0 466.952 2
142.0 749.571 5
448.0 465.333 5
689.571 131.0 1
626.167 83.0 2
583.25 255.25 2
232.0 135.0 4
415.286 212.0 4
686.0 783.0 3
747.5 114.5 1
704.905 92.0 2
605.571 218.429 1
837.0 428.048 2
769.0 138.0 1
746.385 639.385 2
540.714 466.0 3
767.667 683.667 3
643.615 473.615 2
462.0 191.5 4
398.286 157.286 4
710.077 573.077 2
447.0 228.0 4
427.143 159.0 4
166.0 833.375 5
449.0 379.867 5
510.143 471.0 3
599.0 311.75 2
770.0 705.692 2
617.308 407.308 2
421.0 623.0 3
840.0 583.667 2
178.0 338.143 5
601.0 776.0 3
743.81 121.81 2
763.0 140.0 1
391.375 706.0 5
771.0 771.0 3
424.0 665.0 3
165.0 585.0 5
601.857 473.0 3
419.733 89.0 5
579.0 237.0 1
195.0 214.714 5
557.0 174.0 1
458.0 208.933 5
840.0 544.762 2
604.0 374.154 2
186.0 255.85700000000003 5
698.667 552.667 3
311.714 149.0 4
377.0 78.0 5
383.571 202.0 4
666.0 81.0 2
764.0 672.538 2
253.571 132.429 5
456.0 155.0 4
232.875 773.0 5
320.143 194.143 4
807.619 194.619 2
756.0 112.0 1
