889.0 202.524 2
765.625 753.0 3
972.857 495.857 2
448.0 117.0 4
695.0 319.75 2
708.714 138.0 1
735.286 132.0 1
480.0 471.0 3
106.0 691.0 5
631.667 87.3334 2
465.0 543.8 3
306.875 647.0 5
625.0 163.667 2
682.143 148.0 1
462.0 622.067 5
656.833 53.0 2
297.0 119.0 4
627.0 125.5 2
246.0 149.0 4
460.0 616.6 3
697.0 349.0 2
980.0 663.476 2
702.0 410.077 2
965.0 453.952 2
687.0 290.5 2
629.833 201.833 2
981.0 705.381 2
491.867 118.867 5
381.429 168.0 4
297.857 159.0 4
399.625 651.0 5
963.0 873.0 2
457.933 81.0 5
198.667 269.333 5
330.571 122.0 4
821.077 684.923 2
389.286 119.0 4
283.0 118.0 4
804.0 75.0 1
459.0 580.133 5
416.0 63.0 5
783.0 78.0 1
428.429 121.0 4
815.0 111.0 1
709.0 472.0 3
466.0 538.2 5
732.692 501.692 2
721.25 757.0 3
465.0 184.0 4
350.143 121.0 4
632.5 749.0 3
880.0 759.0 2
437.143 171.143 4
258.0 152.0 4
678.571 92.0 1
270.0 155.0 4
499.0 244.667 5
446.0 664.0 5
819.0 652.667 3
588.125 734.0 3
657.714 99.0 1
499.375 690.375 3
741.167 517.167 3
494.0 286.6 5
121.0 576.0 5
643.571 458.0 3
934.0 810.0 2
173.0 346.0 5
215.0 231.0 5
168.75 713.25 5
140.0 461.0 5
972.905 831.095 2
408.857 120.857 4
778.81 91.8095 2
131.667 499.333 5
979.0 621.571 2
706.0 440.615 2
808.846 623.846 2
918.0 286.333 2
636.857 104.0 1
741.143 80.0 1
353.571 167.0 4
829.5 106.5 1
472.0 507.4 3
818.385 654.385 2
773.0 562.333 3
475.0 147.5 4
980.0 747.286 2
108.0 806.0 5
616.0 105.0 1
940.143 370.143 2
474.25 165.75 4
977.0 579.667 2
501.0 202.733 5
103.0 767.667 5
481.0 412.4 5
266.667 154.333 5
117.0 614.333 5
978.0 789.19 2
610.857 458.0 3
311.0 120.0 4
502.0 160.8 5
699.429 87.5714 1
339.333 82.0 5
774.769 562.769 2
793.308 593.308 2
905.0 244.429 2
820.714 120.714 2
489.0 328.533 5
543.75 713.75 3
736.905 66.0 2
911.5 779.5 2
761.857 125.0 1
700.0 379.538 2
150.0 422.667 5
125.0 537.667 5
928.238 328.238 2
476.0 454.333 5
112.333 652.667 5
604.0 146.0 1
947.5 841.5 2
605.0 125.5 1
457.0 653.0 3
817.0 746.0 2
818.0 697.833 3
676.286 463.0 3
472.0 496.267 5
610.5 166.5 1
820.0 715.462 2
844.0 102.0 1
857.619 160.619 2
762.0 78.0 1
305.0 118.0 5
214.125 677.875 5
629.0 176.0 1
545.429 455.0 3
714.0 471.154 2
234.333 192.667 5
720.286 83.0 1
676.875 756.0 3
804.5 607.5 3
788.429 118.571 1
104.0 729.333 5
642.0 240.0 2
325.714 164.0 4
578.143 457.0 3
670.0 261.25 2
810.0 743.0 3
131.0 759.625 5
260.5 655.0 5
185.0 307.667 5
485.0 370.467 5
353.25 648.0 5
753.0 532.231 2
409.286 168.0 4
512.714 459.0 3
460.0 580.2 3
655.571 164.429 1
695.0 50.0 2
369.714 119.286 4
848.5 750.0 2
161.667 384.333 5
377.667 67.0 5
465.25 129.25 4
953.0 412.048 2
977.0 537.762 2
