319.0 167.0 4
481.0 248.4 5
393.0 699.6 5
581.25 170.75 1
793.0 932.0 2
659.429 191.571 1
551.0 910.0 3
357.0 137.0 4
910.0 505.667 2
382.0 194.0 4
627.429 146.0 1
884.0 331.0 2
201.143 265.857 5
107.0 800.714 5
778.5 138.5 1
702.286 127.0 1
910.0 942.333 2
702.857 174.143 1
110.0 756.143 5
805.0 759.769 2
353.429 129.0 5
338.25 876.75 5
408.0 649.467 5
913.0 549.333 2
226.714 221.286 5
731.846 632.846 2
405.0 658.2 3
818.0 942.0 2
171.0 355.0 5
631.0 295.0 2
661.0 382.0 2
739.0 114.0 1
868.0 972.0 2
690.0 915.0 3
760.333 895.0 3
589.0 179.0 2
660.0 335.5 2
340.0 176.0 4
424.0 218.0 4
153.857 444.143 5
340.0 134.0 4
787.462 717.462 2
806.0 842.333 3
448.0 148.133 5
115.0 711.571 5
608.5 147.5 2
805.0 772.0 3
583.5 210.5 2
926.0 811.333 2
288.5 147.0 4
660.0 508.923 2
413.0 850.0 5
470.0 196.5 4
608.714 150.0 1
893.0 986.0 2
461.25 212.0 4
412.0 851.0 3
921.0 855.0 2
743.667 131.667 2
137.0 979.0 5
637.714 201.0 1
724.571 163.0 1
387.0 749.733 5
403.0 207.0 4
182.0 310.429 5
843.0 956.0 2
132.0 622.429 5
445.0 448.933 5
743.0 921.0 2
590.0 150.0 1
807.0 844.385 2
525.0 583.0 3
141.0 533.286 5
721.0 121.0 1
646.143 141.0 1
683.571 133.0 1
689.538 592.538 2
279.0 141.0 4
637.0 122.0 2
479.467 298.533 5
472.0 180.25 4
783.0 701.667 3
481.5 888.5 3
655.25 917.0 3
188.75 913.0 5
460.0 398.8 5
263.5 890.0 5
664.857 137.0 1
766.154 675.154 2
473.267 198.267 5
915.0 593.0 2
917.333 898.667 2
298.0 153.0 4
442.0 159.0 4
789.0 134.0 1
319.5 125.0 4
391.0 144.0 4
124.0 667.0 5
156.375 941.625 5
681.143 183.0 1
300.875 886.0 5
423.0 610.0 3
808.0 802.077 2
596.25 212.25 1
145.0 488.714 5
582.0 242.0 2
459.0 164.0 4
491.0 587.0 3
768.0 143.0 1
445.0 222.0 4
361.0 183.0 4
472.0 348.667 5
627.0 578.0 3
110.0 845.286 5
161.0 399.571 5
593.0 578.0 3
299.0 116.0 4
374.0 140.0 4
900.333 418.333 2
308.857 144.143 5
425.0 153.0 4
661.0 579.0 3
394.0 799.867 5
659.0 424.308 2
435.0 499.067 5
664.0 551.231 2
668.5 114.0 2
516.25 901.0 3
389.0 754.6 3
925.0 767.667 2
870.333 287.333 2
394.8 802.8 3
584.0 191.5 1
425.0 599.333 5
617.0 218.0 1
128.0 934.429 5
916.0 636.667 2
746.286 153.0 1
375.625 865.0 5
827.0 200.0 2
768.0 926.0 2
620.5 919.0 3
431.0 549.2 5
226.125 900.0 5
757.0 107.0 1
408.0 148.0 4
787.333 159.333 2
659.0 466.615 2
920.0 680.333 2
923.0 724.0 2
784.308 886.692 2
136.0 577.857 5
585.75 917.0 3
584.5 288.0 2
700.0 117.0 2
393.0 706.4 3
895.0 374.667 2
850.0 243.667 2
730.333 633.333 3
559.0 579.0 3
264.286 177.714 5
457.0 595.0 3
446.75 871.0 3
904.0 462.0 2
398.0 125.0 5
117.0 889.857 5
