640.333 64.6666 2
344.0 61.0 5
801.0 89.0 1
754.462 729.538 2
425.667 463.333 5
767.0 612.0 3
576.857 441.857 3
731.333 562.333 3
409.0 601.8 3
543.0 154.667 2
395.429 195.429 4
769.154 626.154 2
363.857 184.0 4
152.0 227.143 5
570.0 750.0 3
419.0 508.267 5
665.714 129.0 1
546.286 440.0 3
163.714 186.286 5
430.0 418.4 5
657.0 497.308 2
687.0 762.0 3
724.231 557.231 2
443.0 174.0 4
720.857 115.143 1
851.0 349.571 2
228.0 101.0 4
693.286 122.0 1
354.857 114.0 4
796.857 118.857 2
638.143 130.0 1
776.0 660.615 2
898.0 735.762 2
531.0 738.0 3
557.0 236.0 2
892.0 813.0 2
447.0 158.0 4
72.4286 676.571 5
885.0 658.524 2
453.0 702.0 3
448.0 193.733 5
130.0 349.714 5
866.0 542.667 2
708.857 169.143 1
409.0 598.133 5
635.0 462.846 2
183.571 145.429 5
741.571 156.0 1
206.0 132.0 4
590.462 359.462 2
303.143 63.8571 5
768.667 711.333 3
584.5 244.5 2
788.5 93.5 1
183.5 126.5 4
816.5 122.0 1
648.0 763.0 3
200.25 752.0 5
408.0 565.2 3
748.429 107.0 1
578.0 209.0 1
367.25 689.0 5
837.0 233.714 2
690.769 525.769 2
681.0 59.0 2
900.0 774.381 2
719.619 66.619 2
610.714 206.286 1
75.0 840.0 5
682.667 515.667 3
412.0 528.6 3
826.0 118.0 1
776.0 661.667 3
853.0 388.19 2
206.5 97.5 4
269.143 155.0 4
237.571 143.0 4
777.333 765.0 2
862.0 465.429 2
444.8 148.8 5
515.714 444.0 3
109.0 472.286 5
427.0 206.0 4
541.0 195.333 2
445.0 238.667 5
840.0 272.333 2
158.5 775.0 5
583.0 134.0 1
870.0 581.286 2
435.0 373.467 5
857.0 426.81 2
863.333 797.0 2
442.0 283.6 5
410.0 638.4 3
388.933 69.0 5
161.0 122.0 4
386.571 117.0 4
140.0 268.0 5
78.0 635.714 5
323.143 112.0 4
772.0 695.077 2
638.0 468.0 3
573.0 152.75 1
610.571 130.0 1
116.75 805.25 5
450.0 142.0 4
63.0 799.143 5
834.667 785.667 2
607.429 449.429 3
878.0 619.905 2
300.714 166.0 4
117.571 431.429 5
609.0 758.0 3
776.0 98.0 1
424.0 492.0 3
291.429 109.0 4
758.238 90.2381 2
676.143 183.0 1
124.0 390.571 5
86.0 594.857 5
571.0 190.25 1
605.0 270.0 2
831.0 195.095 2
774.286 143.0 1
601.923 393.923 2
600.5 297.5 2
454.571 466.0 3
599.667 77.3334 2
221.429 106.571 5
259.714 106.0 4
332.286 176.0 4
242.0 731.0 5
726.0 752.0 3
283.75 710.0 5
185.0 94.0 4
134.0 308.857 5
492.0 721.0 3
571.0 171.5 1
752.0 591.692 2
325.5 694.0 5
822.0 156.476 2
409.0 643.067 5
409.0 553.2 5
59.0 758.286 5
579.0 325.0 2
845.0 310.952 2
806.0 772.0 2
409.0 688.0 5
440.0 328.533 5
418.286 124.0 4
438.0 190.0 4
414.0 675.0 3
748.667 762.0 2
262.286 78.7143 5
864.0 504.048 2
618.0 428.385 2
807.0 126.0 1
63.0 717.429 5
720.0 757.0 2
643.429 198.0 1
562.0 114.0 2
101.0 513.143 5
429.867 103.867 5
892.0 697.143 2
485.143 452.857 3
95.0 554.0 5
