568.0 254.667 2
742.19 169.19 2
198.5 743.0 5
168.0 423.238 5
872.333 588.333 2
570.0 221.333 2
86.0 858.0 5
90.0 739.429 5
897.0 728.714 2
613.857 179.143 1
590.0 251.0 1
271.0 171.0 4
614.0 409.462 2
878.0 623.429 2
707.095 147.0 2
745.75 740.25 3
82.0 818.476 5
732.286 185.0 1
629.0 472.385 2
699.571 155.0 1
901.0 798.905 2
474.0 184.0 4
285.0 146.0 4
355.0 675.0 3
852.048 483.048 2
445.133 403.867 5
574.0 756.0 3
123.0 620.857 5
819.0 686.077 2
616.0 500.0 3
794.333 735.0 2
405.0 553.4 3
298.0 149.0 4
516.75 748.0 3
819.0 681.833 3
820.667 742.0 2
272.0 143.0 4
579.0 188.0 2
367.733 654.267 5
484.0 278.667 5
490.0 195.2 5
896.0 834.0 2
672.0 138.0 2
439.0 228.0 4
890.0 693.619 2
265.25 707.0 5
846.0 447.952 2
250.905 186.095 5
433.0 445.6 5
812.0 272.476 2
692.167 545.0 3
771.692 597.0 2
631.25 756.0 3
398.571 172.0 4
867.0 553.238 2
448.857 183.0 4
807.667 639.667 3
107.0 824.625 5
460.0 362.133 5
165.125 764.875 5
136.667 581.333 5
383.0 208.0 4
768.0 732.0 2
656.714 166.0 1
480.0 501.0 3
478.0 213.5 4
412.0 523.0 3
488.0 236.933 5
298.625 698.0 5
600.5 291.5 2
373.429 165.0 4
475.0 228.75 4
828.0 342.667 2
841.0 412.857 2
650.0 508.0 3
847.0 756.0 2
146.0 541.81 5
355.0 201.0 4
646.846 503.846 2
402.25 713.0 3
613.714 239.286 1
571.0 185.0 1
582.0 497.0 3
188.0 344.19 5
228.381 225.619 5
323.143 155.0 4
155.0 502.286 5
624.0 378.0 2
568.75 201.75 1
411.0 215.0 4
883.0 658.524 2
348.286 161.0 4
481.0 153.467 5
383.0 612.533 5
570.0 288.0 2
901.0 763.81 2
678.143 159.0 1
423.714 178.714 4
776.286 202.286 2
480.0 198.25 4
756.0 179.0 1
411.0 529.067 5
684.857 202.0 1
299.0 180.0 4
688.5 750.0 3
459.5 733.0 3
198.333 304.667 5
777.0 172.0 1
661.143 213.857 1
131.75 792.0 5
179.0 383.714 5
467.0 243.0 4
776.5 598.5 3
403.0 570.8 5
624.0 317.0 2
721.0 152.0 1
408.0 109.0 5
328.952 124.048 5
816.0 654.615 2
592.429 184.0 1
98.0 699.905 5
803.0 724.0 3
740.231 576.231 2
381.0 614.2 3
708.571 193.0 1
368.476 112.524 5
449.733 118.733 5
289.429 153.571 5
801.0 237.381 2
637.429 227.0 1
332.0 691.0 5
548.0 496.0 3
231.875 723.0 5
884.667 807.667 2
327.0 191.0 4
446.0 508.0 3
870.0 781.333 2
572.0 218.5 1
619.0 440.923 2
514.0 497.0 3
635.286 173.0 1
83.0 778.952 5
628.0 347.5 2
475.0 320.4 5
737.0 149.0 1
835.0 377.762 2
766.5 175.5 1
800.154 623.154 2
753.0 145.0 1
734.333 572.333 3
111.0 660.381 5
605.333 154.667 2
638.667 142.0 2
370.0 644.6 3
799.462 716.538 2
250.0 165.0 4
397.0 583.8 3
212.0 265.143 5
677.308 533.308 2
417.0 487.333 5
820.571 307.571 2
161.238 462.762 5
577.25 235.25 1
860.0 518.143 2
708.769 555.0 2
260.5 168.0 4
