829.0 508.286 2
704.0 605.0 3
702.0 655.769 2
789.286 251.286 2
620.385 474.385 2
109.0 815.0 5
550.143 415.0 3
131.0 779.625 5
715.5 694.5 2
700.0 104.0 1
690.0 107.0 1
514.0 175.75 1
591.0 413.923 2
801.714 324.714 2
835.5 770.5 2
365.0 649.0 5
656.429 151.0 1
649.615 504.615 2
528.0 152.333 2
652.714 99.0 2
565.625 693.0 3
236.0 98.0 4
810.0 741.0 2
604.75 692.0 3
590.857 144.143 1
583.0 353.462 2
346.0 567.133 5
776.571 214.571 2
434.714 418.286 3
426.0 172.75 4
834.0 545.0 2
185.952 173.048 5
370.0 646.0 3
838.714 581.714 2
100.0 739.476 5
521.286 412.0 3
278.857 146.0 4
586.667 86.3334 2
134.0 399.619 5
682.714 140.0 1
103.0 777.238 5
795.0 288.0 2
409.125 669.125 3
820.0 471.571 2
128.0 512.905 5
519.0 211.25 1
778.5 721.5 2
680.0 110.0 1
657.714 118.286 1
587.0 383.692 2
613.143 135.0 1
603.857 182.143 1
851.143 655.143 2
215.0 120.0 4
678.846 534.846 2
405.0 198.733 5
568.571 153.0 1
709.0 128.0 1
153.75 744.25 5
546.286 158.0 1
807.0 361.429 2
526.5 690.0 3
704.0 625.538 2
565.0 244.0 2
693.0 559.0 3
725.0 122.0 1
323.714 132.714 4
325.714 172.714 4
258.875 667.0 5
254.476 105.524 5
862.0 765.286 2
302.286 159.286 4
131.0 437.381 5
395.0 321.533 5
576.0 293.0 2
580.231 323.231 2
395.0 223.0 4
398.0 116.867 5
380.0 455.0 3
349.143 187.0 4
130.0 475.143 5
391.429 155.0 4
369.0 485.267 5
98.0 701.714 5
352.067 608.067 5
352.0 607.8 3
534.0 123.0 2
684.0 684.0 2
188.125 713.875 5
342.0 569.6 3
123.0 550.667 5
404.0 157.8 5
630.143 164.857 1
100.0 663.952 5
405.0 239.667 5
487.375 688.0 3
223.5 122.5 4
683.0 686.0 3
246.0 102.0 4
643.875 688.0 3
598.154 444.154 2
346.286 141.0 4
146.0 286.333 5
255.42899999999997 135.429 4
414.0 155.0 4
330.0 72.0 5
492.429 412.0 3
256.0 106.0 4
726.0 141.143 2
551.286 217.714 1
423.0 193.5 4
747.0 706.0 2
415.75 214.25 4
301.143 123.0 4
616.0 83.0 2
152.0 248.571 5
232.0 125.0 4
448.25 682.0 3
811.143 398.143 2
689.429 119.429 2
368.857 149.0 4
859.0 802.0 2
354.0 526.2 5
379.0 444.333 5
525.0 181.667 2
694.0 565.077 2
516.0 193.5 1
216.714 136.286 5
351.0 531.4 3
815.0 434.857 2
557.333 97.6666 2
292.238 79.7619 5
857.857 691.857 2
660.0 513.0 3
463.571 414.0 3
402.0 280.6 5
525.0 229.0 1
108.0 626.19 5
573.0 268.5 2
278.571 114.571 4
577.571 201.429 1
385.0 362.467 5
844.0 618.429 2
405.857 428.143 3
523.0 211.0 2
116.0 588.429 5
617.0 467.0 3
294.25 658.0 5
381.0 403.4 5
635.429 127.0 1
164.19 210.81 5
717.0 125.0 1
223.5 687.5 5
370.933 81.9333 5
372.571 202.571 4
704.0 651.0 3
329.625 651.0 5
547.5 220.0 2
524.0 158.0 1
861.0 728.571 2
143.0 324.095 5
367.8 493.2 3
140.0 361.857 5
753.857 177.857 2
700.308 595.308 2
579.0 421.0 3
