672.769 635.769 2
256.0 152.0 4
61.0 797.286 5
301.286 129.0 4
685.429 142.571 1
643.231 599.0 2
792.333 880.333 2
667.0 99.0 1
693.0 84.0 1
431.429 554.0 3
410.0 380.8 5
359.143 147.143 4
863.0 461.571 2
727.0 113.0 1
339.857 141.0 4
325.375 855.0 5
366.0 784.0 3
585.0 539.0 3
370.0 576.0 3
148.0 343.0 5
381.067 431.933 5
629.714 179.286 1
592.571 202.429 1
724.0 867.0 2
581.0 217.0 1
183.0 252.143 5
650.0 109.0 1
596.0 372.0 2
892.0 681.333 2
59.0 979.0 5
348.0 680.0 3
412.0 213.0 4
258.0 109.0 4
646.0 98.0 2
126.0 479.286 5
371.0 483.067 5
73.0 751.857 5
400.714 563.286 3
633.0 119.0 1
728.0 789.923 2
534.0 259.0 2
858.667 920.667 2
100.0 615.571 5
689.952 115.952 2
439.0 176.267 5
424.25 199.75 4
729.0 804.667 3
819.0 285.762 2
367.429 198.429 4
711.0 696.0 3
409.875 864.0 3
537.0 224.167 2
826.5 894.5 2
730.0 828.462 2
587.0 526.154 2
682.667 641.667 3
565.0 154.0 1
851.0 417.619 2
912.19 813.19 2
591.5 303.5 2
731.0 859.0 3
353.733 738.733 5
909.0 769.238 2
397.714 159.0 4
547.5 885.0 3
635.333 589.333 3
715.846 712.846 2
606.692 564.692 2
554.286 537.0 3
593.375 888.0 3
616.0 127.0 1
915.0 901.095 2
543.0 189.333 2
85.625 937.375 5
546.0 173.5 1
364.0 836.0 3
758.167 872.0 2
639.25 889.75 3
552.0 191.0 1
134.0 433.857 5
462.143 546.0 3
724.0 750.333 3
879.429 593.429 2
57.2857 842.714 5
715.5 121.5 1
420.0 329.667 5
893.0 989.0 2
680.0 92.0 1
283.75 856.0 5
427.0 186.5 4
830.0 329.714 2
367.0 585.333 5
666.857 154.143 1
548.0 156.0 1
591.0 449.077 2
611.167 102.0 2
91.0 661.0 5
878.833 954.833 2
901.286 725.286 2
501.625 880.0 3
367.0 841.0 5
278.286 163.0 4
417.0 160.0 4
803.0 241.81 2
282.0 120.0 4
111.0 570.143 5
771.0 197.857 2
582.0 147.0 1
246.5 147.0 4
381.0 92.0 5
356.0 628.0 3
353.0 732.0 3
563.5 207.5 1
300.571 173.0 4
244.714 162.286 5
702.0 674.308 2
599.0 136.0 1
200.5 852.5 5
290.143 119.0 5
237.0 142.0 4
345.143 192.0 4
117.25 895.75 5
389.714 207.0 4
611.143 191.857 1
492.857 541.0 3
576.333 119.667 2
455.75 873.0 3
242.125 855.0 5
704.0 129.0 1
204.286 206.714 5
82.5714 706.429 5
118.0 524.714 5
426.25 173.25 4
595.0 337.75 2
590.0 487.615 2
320.571 135.571 4
871.0 505.524 2
592.0 410.538 2
523.571 538.0 3
56.0 888.143 5
158.875 863.0 5
366.0 789.867 5
648.286 166.714 1
685.125 884.875 3
352.0 636.467 5
322.857 183.0 4
839.0 373.667 2
164.429 297.571 5
914.0 857.143 2
875.0 549.476 2
270.0 115.0 4
50.0 933.571 5
726.0 751.385 2
885.0 637.381 2
568.25 271.0 2
552.0 154.5 2
140.0 388.429 5
429.133 125.133 5
732.905 155.905 2
335.571 99.0 5
430.0 227.4 5
908.0 945.048 2
349.0 687.6 5
428.0 278.533 5
378.429 153.0 4
366.0 534.2 5
