445.25 646.25 3
552.0 137.0 1
704.81 88.8095 2
480.714 405.0 3
765.0 520.0 3
293.0 105.0 4
639.0 307.385 2
575.0 197.0 1
192.0 301.667 5
836.0 219.333 2
432.714 124.0 4
800.0 585.0 3
205.0 679.0 5
783.5 552.5 3
386.143 121.0 4
455.0 414.0 3
191.0 404.667 5
169.0 645.0 5
843.238 249.238 2
635.923 412.923 2
645.0 61.0 2
792.524 159.524 2
178.0 576.333 5
549.75 649.25 3
742.0 111.0 1
879.0 578.19 2
561.0 202.0 2
694.0 127.0 1
260.0 132.0 5
194.0 267.333 5
192.0 370.333 5
656.308 439.308 2
424.286 186.286 4
267.0 96.0 4
818.429 189.429 2
409.429 123.0 4
259.0 124.0 4
455.0 255.0 5
759.846 513.846 2
641.0 102.0 1
566.0 177.0 1
670.0 134.0 1
646.0 143.0 1
599.0 179.0 1
779.0 539.231 2
372.857 157.857 4
401.6 530.4 3
463.0 183.0 4
732.5 491.5 3
363.0 69.0 5
321.429 151.0 4
457.0 136.0 5
330.0 595.0 5
638.0 360.154 2
707.0 89.0 1
791.0 565.615 2
583.571 400.0 3
813.667 592.0 2
532.143 399.0 3
399.0 612.0 5
417.0 374.0 5
188.0 473.333 5
875.0 518.381 2
294.333 104.0 5
560.0 170.333 2
187.0 507.667 5
402.667 69.0 5
634.0 386.538 2
758.75 616.25 3
635.0 423.0 3
872.0 488.476 2
261.0 616.0 5
248.0 119.0 4
553.0 117.0 1
556.0 157.0 1
418.0 453.333 5
339.571 116.0 4
429.2 452.8 3
764.0 104.0 1
602.0 644.0 3
667.5 450.5 3
680.692 462.692 2
718.0 121.0 1
466.0 163.0 4
619.0 107.0 1
674.905 73.9048 2
316.286 113.0 4
557.857 398.0 3
416.0 493.0 5
801.0 592.0 2
295.5 600.5 5
362.857 119.0 4
401.0 532.667 5
623.0 161.0 1
859.0 368.857 2
175.0 610.667 5
192.0 336.0 5
736.0 81.0 1
860.0 398.762 2
597.0 113.0 1
654.25 639.0 3
456.0 123.0 4
433.667 334.333 5
438.333 96.3334 5
170.0 713.667 5
182.0 542.0 5
445.0 294.667 5
862.0 428.667 2
826.333 597.0 2
874.0 638.0 2
398.571 167.0 4
635.0 251.5 2
721.5 85.0 1
462.0 175.667 5
581.667 76.0 2
228.0 164.333 5
851.667 612.667 2
564.0 107.0 2
416.4 491.6 3
876.0 548.286 2
854.0 309.048 2
663.0 97.0 1
637.0 281.0 2
706.5 629.0 3
638.0 333.769 2
700.0 472.0 3
882.0 608.095 2
618.0 222.0 2
609.286 406.0 3
398.0 572.333 5
280.0 101.0 4
398.0 569.2 3
685.0 92.0 1
733.462 490.462 2
575.0 113.0 1
205.333 198.667 5
467.0 143.0 4
458.667 215.333 5
613.333 60.0 2
270.0 130.0 4
734.714 103.714 2
226.5 644.5 5
397.0 608.0 3
347.143 155.0 4
850.0 279.143 2
868.0 458.571 2
198.0 233.0 5
166.0 679.333 5
413.0 413.667 5
839.0 602.0 2
189.0 713.5 5
753.0 107.0 1
364.5 601.0 5
864.0 625.333 2
174.0 748.0 5
189.0 439.0 5
764.619 129.619 2
328.667 82.3333 5
590.5 205.0 2
707.077 477.0 2
506.429 400.0 3
497.5 655.0 3
557.667 138.667 2
450.0 196.0 4
855.0 338.952 2
295.714 140.0 4
