797.571 159.571 2
598.667 87.0 2
259.0 102.0 4
439.0 490.2 5
963.238 791.238 2
402.0 618.4 3
246.5 142.0 4
278.0 112.0 4
876.0 339.333 2
465.0 287.0 5
461.0 134.6 5
968.0 926.81 2
849.952 248.952 2
629.0 463.0 3
125.0 832.571 5
936.0 700.857 2
345.0 802.0 5
339.714 170.0 4
902.0 474.905 2
494.714 466.0 3
230.429 186.571 5
675.571 172.0 1
597.0 373.846 2
648.714 183.0 1
743.0 641.0 3
897.0 429.714 2
670.333 522.333 3
944.0 936.333 2
647.0 487.385 2
138.0 601.857 5
642.25 832.0 3
471.0 142.0 4
769.0 819.0 3
460.0 337.8 5
568.0 119.5 2
776.0 828.0 2
581.0 145.0 1
756.143 150.0 1
698.0 563.077 2
233.0 136.0 4
626.538 449.538 2
163.0 325.0 5
470.0 185.4 5
333.143 128.0 4
671.0 66.0 2
131.0 694.143 5
473.0 159.5 4
717.0 121.0 1
557.0 228.0 2
124.0 924.857 5
927.0 655.667 2
387.0 798.0 5
144.0 417.286 5
918.667 900.667 2
407.0 693.4 5
403.0 677.6 3
128.0 740.286 5
634.833 71.0 2
165.0 929.0 5
760.0 676.615 2
383.0 64.0 5
515.5 826.0 3
401.2 591.8 5
521.571 458.0 3
548.429 455.0 3
810.0 132.0 1
123.0 878.714 5
724.923 600.923 2
595.0 336.0 2
366.286 176.0 4
774.0 714.462 2
556.0 191.833 2
394.0 642.6 5
419.2 744.2 5
864.143 294.143 2
684.5 830.0 3
604.692 411.692 2
428.0 541.0 5
442.0 208.0 4
702.429 165.0 1
126.0 786.429 5
847.333 848.0 2
586.0 252.0 2
258.571 140.429 5
595.0 203.0 1
729.286 157.0 1
765.0 700.333 3
268.5 108.0 4
419.429 189.429 4
796.5 136.0 1
392.857 182.857 4
290.714 94.2857 5
336.857 66.0 5
429.0 795.0 5
431.0 796.0 3
557.75 830.0 3
388.286 140.0 4
305.571 121.571 4
415.857 143.0 4
360.714 134.0 4
742.769 638.769 2
726.75 828.0 3
791.0 102.0 1
467.857 481.143 3
741.0 117.0 1
465.0 177.0 4
670.231 525.231 2
204.0 232.714 5
783.0 140.0 1
608.0 278.0 2
140.0 463.429 5
600.0 832.0 3
709.0 581.667 3
970.0 881.619 2
143.0 971.0 5
581.0 185.0 1
575.286 454.0 3
965.0 972.0 2
693.0 125.0 1
579.0 165.0 1
597.0 131.0 1
621.0 134.0 1
832.762 203.762 2
645.0 133.0 1
184.0 887.0 5
303.0 809.0 5
914.0 565.286 2
886.0 384.524 2
757.381 115.381 2
153.0 371.143 5
970.0 836.429 2
313.143 165.0 4
286.571 158.571 4
602.143 457.0 3
811.667 835.0 2
443.429 144.0 4
786.0 752.308 2
765.0 111.0 1
609.0 307.0 2
669.0 130.0 1
457.0 388.6 5
787.667 759.667 3
469.0 236.2 5
417.8 559.2 3
621.857 194.0 1
141.0 555.714 5
558.0 155.667 2
716.19 79.0 2
261.0 823.0 5
778.0 107.0 1
180.143 278.857 5
449.0 439.4 5
457.5 194.5 4
135.0 648.0 5
219.0 850.0 5
794.0 790.154 2
433.8 84.8 5
418.8 736.8 3
143.0 509.571 5
473.25 814.25 3
920.0 610.476 2
441.0 500.0 3
883.0 871.0 2
260.0 149.0 4
950.0 746.048 2
908.0 520.095 2
