421.0 489.0 3
742.0 92.0 1
376.0 605.267 5
772.667 614.667 3
719.385 546.385 2
663.077 497.077 2
683.286 106.714 1
254.0 649.0 5
589.5 218.5 2
636.375 694.0 3
787.0 143.0 2
567.0 341.154 2
734.857 125.0 1
158.0 324.714 5
653.0 66.0 2
172.0 220.143 5
828.333 665.333 2
391.6 514.4 3
434.0 247.667 5
582.615 425.615 2
835.0 313.0 2
606.769 452.769 2
686.25 688.0 3
304.286 133.0 4
315.143 88.0 5
635.571 117.0 1
598.0 250.0 2
804.0 177.0 2
687.0 74.0 2
847.0 673.0 2
407.0 366.867 5
721.0 547.0 3
186.0 185.286 5
560.0 111.0 2
130.0 708.143 5
634.923 473.923 2
867.0 517.0 2
588.333 85.0 2
444.0 165.5 4
275.286 167.0 4
486.75 690.0 3
143.0 568.714 5
449.143 476.857 3
570.0 313.0 2
443.75 181.25 4
388.0 645.0 5
587.857 127.0 1
134.0 673.286 5
557.0 175.667 2
477.286 469.0 3
382.714 139.0 4
753.0 88.0 1
252.0 132.0 4
389.733 96.7333 5
767.692 601.692 2
434.0 168.2 5
691.231 522.0 2
339.571 173.0 4
147.0 499.0 5
138.0 638.429 5
436.0 196.0 4
217.0 132.0 4
564.0 126.0 1
755.0 112.0 2
356.571 136.0 4
884.0 702.333 2
731.0 96.0 1
736.125 678.0 3
818.0 211.0 2
354.5 652.0 5
158.0 709.5 5
783.0 649.0 3
422.467 128.467 5
840.0 347.0 2
589.857 459.0 3
387.0 644.0 3
161.0 289.857 5
791.0 658.0 2
873.0 551.0 2
374.0 611.6 3
165.0 255.0 5
370.0 579.2 3
678.571 141.429 1
280.286 103.714 5
379.0 565.533 5
706.714 135.0 1
566.0 186.0 1
588.5 281.5 2
763.0 115.0 1
350.0 86.0 5
622.286 155.0 1
155.0 359.571 5
436.875 679.0 3
618.0 462.0 3
536.625 695.0 3
879.0 585.0 2
707.143 101.0 1
151.0 429.286 5
883.0 619.0 2
611.714 124.0 1
211.0 159.0 4
505.429 464.0 3
429.0 287.4 5
686.667 517.0 3
848.0 415.0 2
435.0 207.933 5
371.714 176.0 4
853.0 449.0 2
287.5 645.5 5
557.0 156.0 1
860.0 483.0 2
203.0 157.0 4
586.5 696.0 3
321.0 648.0 5
829.0 279.0 2
573.0 397.462 2
435.0 135.0 4
187.0 680.0 5
131.0 743.0 5
746.0 573.538 2
152.0 394.429 5
243.143 163.0 4
418.0 327.133 5
558.0 171.0 1
234.5 133.0 4
330.429 134.0 4
561.714 457.0 3
140.0 603.571 5
771.5 111.5 1
659.429 112.0 1
809.667 661.667 2
900.0 687.0 2
307.429 169.0 4
404.0 446.333 5
620.667 70.0 2
245.429 126.571 5
278.143 132.0 4
401.0 406.6 5
404.933 486.067 5
149.0 464.143 5
403.857 180.857 4
899.0 721.0 2
220.5 659.5 5
557.0 141.0 1
210.571 151.429 5
442.0 149.75 4
560.0 208.0 2
569.0 369.308 2
865.667 684.667 2
752.0 580.333 3
652.333 489.333 3
780.0 108.0 1
650.429 146.571 1
145.0 533.857 5
778.0 629.846 2
823.0 245.0 2
558.0 143.333 2
893.0 653.0 2
390.2 525.8 5
408.857 140.0 4
844.0 381.0 2
195.0 156.0 4
533.571 460.0 3
594.143 170.857 1
721.0 91.0 2
376.2 546.8 3
