451.0 484.0 3
641.5 57.0 2
773.5 112.5 1
799.0 137.0 1
220.0 585.429 5
892.0 348.476 2
739.75 660.0 3
807.0 135.0 1
771.385 488.385 2
226.0 614.0 5
461.067 61.0667 5
459.429 185.429 4
899.524 381.524 2
791.0 140.0 1
443.0 515.933 5
722.0 449.0 3
241.0 585.0 5
653.0 193.0 2
441.0 528.0 3
836.0 596.0 3
537.25 625.25 3
269.0 557.0 5
406.286 174.0 4
761.0 479.0 3
786.0 111.0 1
485.2 130.2 5
653.857 126.0 1
601.0 95.5 2
882.0 315.429 2
454.133 480.867 5
217.0 556.857 5
321.0 127.0 4
443.0 551.0 5
920.0 579.81 2
486.0 194.0 4
685.0 345.769 2
353.143 170.0 4
825.0 183.238 2
693.857 158.0 1
368.857 71.1429 5
500.0 176.5 4
591.0 172.0 2
797.0 518.0 3
933.0 645.905 2
871.0 282.381 2
766.143 118.143 2
218.0 414.0 5
722.0 432.538 2
605.0 160.0 1
824.0 557.0 3
794.308 516.308 2
292.5 152.5 4
486.625 598.625 3
492.0 125.0 4
218.0 528.286 5
590.143 390.0 3
218.0 499.714 5
622.429 392.0 3
228.286 299.714 5
414.0 538.0 5
327.0 532.0 5
587.875 640.0 3
739.571 116.0 1
502.0 141.5 4
667.0 53.0 2
927.857 612.857 2
466.0 440.0 3
302.0 124.0 4
484.0 305.533 5
912.0 546.762 2
623.0 188.0 1
842.0 632.0 2
797.19 151.19 2
905.0 414.571 2
369.857 133.0 4
591.0 146.5 2
837.0 603.077 2
679.0 316.846 2
224.0 328.286 5
696.714 117.0 1
479.0 95.1333 5
326.571 165.0 4
473.0 375.667 5
689.125 658.0 3
488.0 270.467 5
700.048 63.0 2
219.0 385.429 5
908.0 513.714 2
491.0 235.4 5
612.0 176.0 1
918.333 694.333 2
761.0 114.0 1
379.714 172.0 4
311.5 125.5 4
341.286 99.714 5
665.0 226.0 2
908.667 676.667 2
616.0 72.0 2
894.0 659.0 2
504.0 159.0 4
675.286 121.0 1
345.429 131.429 4
418.714 132.0 4
605.0 144.0 1
217.0 471.143 5
859.667 640.667 2
385.0 530.0 5
257.0 214.0 5
443.143 134.0 4
317.714 128.286 5
467.571 133.0 4
285.0 150.0 4
908.619 447.619 2
766.714 144.0 1
669.0 259.0 2
445.0 506.0 3
790.375 657.0 3
687.0 410.0 3
273.571 185.429 5
490.0 200.333 5
624.0 171.0 2
525.571 399.429 3
594.0 121.0 2
908.0 480.667 2
695.692 374.692 2
470.0 410.733 5
488.0 165.267 5
733.095 85.0952 2
443.0 550.0 3
709.0 403.615 2
217.0 442.571 5
675.0 287.923 2
298.0 539.0 5
718.143 117.0 1
837.0 635.0 3
295.143 156.857 5
877.333 649.0 2
831.0 574.154 2
815.231 545.231 2
245.429 242.571 5
669.571 164.429 1
654.714 395.0 3
645.286 174.0 1
632.429 128.0 1
927.0 712.0 2
300.0 155.0 4
397.429 56.0 5
842.286 216.286 2
611.0 128.0 1
356.0 530.0 5
935.0 678.952 2
638.5 654.0 3
493.286 410.0 3
718.143 155.0 1
742.429 149.0 1
432.857 178.0 4
234.857 271.143 5
458.0 462.0 3
426.0 52.0 5
465.2 445.8 5
479.0 340.6 5
742.462 460.462 2
221.0 356.857 5
557.857 394.0 3
858.333 249.333 2
394.286 130.0 4
