911.0 556.429 2
678.0 147.0 1
433.0 235.0 4
81.0 711.857 5
459.467 232.533 5
658.0 155.0 1
611.0 394.385 2
522.143 474.0 3
391.857 210.857 4
294.625 702.0 5
834.0 247.857 2
384.0 102.0 5
420.0 569.6 5
430.0 653.867 5
456.0 358.933 5
455.0 316.8 5
579.5 154.5 2
546.857 475.857 3
349.143 134.0 4
371.286 199.286 4
769.0 739.615 2
772.0 137.0 1
571.0 183.25 1
462.0 190.4 5
636.857 213.0 1
458.0 173.0 4
729.0 119.0 1
733.5 780.5 3
904.0 479.286 2
605.0 363.0 2
70.0 788.619 5
779.0 762.0 3
426.133 110.0 5
202.375 731.625 5
458.267 148.267 5
75.7619 750.238 5
760.667 717.667 3
331.0 120.0 4
248.5 717.0 5
279.5 134.5 4
615.0 425.769 2
726.571 170.0 1
922.0 633.571 2
150.952 328.048 5
345.619 106.381 5
736.0 673.333 3
659.333 540.333 3
91.0 635.095 5
616.0 326.0 2
104.0 558.333 5
421.714 166.714 4
783.0 771.0 2
99.286 596.714 5
597.0 787.0 3
835.667 789.667 2
773.714 174.714 2
457.0 208.0 4
571.571 478.0 3
183.0 251.286 5
696.571 129.0 2
626.0 488.538 2
454.0 401.067 5
592.0 237.0 1
451.0 443.2 5
949.0 787.857 2
715.0 629.0 3
232.0 174.524 5
551.5 779.0 3
367.286 145.0 4
118.0 443.19 5
424.0 694.0 3
642.5 789.0 3
888.333 816.333 2
698.0 137.0 1
688.692 582.692 2
563.0 207.5 2
433.0 696.0 5
156.25 750.0 5
448.0 494.0 3
596.286 485.286 3
905.0 517.857 2
431.0 654.0 3
854.0 286.429 2
506.0 765.0 3
704.143 183.0 1
917.0 595.0 2
899.0 440.714 2
448.5 225.5 4
619.0 457.154 2
926.0 672.143 2
385.429 154.0 4
85.0 673.476 5
947.0 826.429 2
386.875 702.0 5
614.429 222.0 1
809.333 777.0 2
638.0 162.0 1
472.714 481.286 3
460.5 735.5 3
812.0 209.286 2
938.0 865.0 2
666.308 551.308 2
270.0 127.0 4
403.571 161.0 4
578.0 164.0 1
340.75 699.0 5
862.0 800.0 2
621.0 496.0 3
597.0 254.0 2
424.733 611.733 5
706.0 614.077 2
137.0 366.429 5
560.0 234.0 2
659.286 204.0 1
126.19 404.81 5
740.0 111.0 1
740.0 676.846 2
307.238 123.0 5
68.0 827.0 5
112.429 481.571 5
412.429 221.429 4
881.0 363.571 2
448.667 485.333 5
618.0 167.0 1
735.143 147.143 2
568.0 181.0 2
605.0 133.0 2
718.0 125.0 1
631.5 121.0 2
300.0 100.0 4
912.667 838.667 2
268.857 145.0 5
869.0 325.0 2
681.714 194.286 1
289.0 142.0 4
891.143 402.143 2
688.667 584.667 3
110.0 519.952 5
315.5 109.5 4
204.095 212.905 5
598.0 167.0 1
570.5 202.5 1
457.0 274.667 5
165.0 289.667 5
760.5 145.5 1
756.231 708.231 2
688.0 787.0 3
424.533 527.467 5
421.0 574.0 3
427.0 614.0 3
658.0 115.0 2
575.75 221.75 1
722.462 645.462 2
749.0 154.0 1
110.125 781.875 5
439.857 169.0 4
624.0 289.0 2
330.143 174.0 4
929.0 710.714 2
641.923 519.923 2
461.0 190.5 4
350.714 186.714 4
423.0 534.0 3
497.429 475.571 3
309.571 159.571 4
939.0 749.286 2
