439.0 477.4 5
802.0 211.286 2
894.0 640.905 2
564.0 114.75 1
309.143 91.0 5
861.333 670.333 2
478.6 148.6 5
727.095 86.0 2
573.5 643.0 3
243.0 219.333 5
625.143 129.0 1
341.762 73.0 5
470.0 162.0 4
616.0 650.0 3
215.0 578.143 5
284.0 95.0 4
836.524 376.524 2
631.0 364.0 3
364.286 97.0 4
609.429 96.5714 1
813.0 586.5 3
427.714 108.0 4
531.0 629.0 3
613.0 73.0 2
311.5 80.0 4
477.0 133.0 4
646.857 84.1429 1
745.0 77.0 1
325.143 113.0 4
269.0 623.0 5
237.0 284.571 5
491.0 374.0 3
213.0 643.381 5
747.615 456.615 2
811.231 602.769 2
385.429 102.0 4
618.0 257.0 2
414.0 596.0 5
212.0 610.762 5
484.0 258.2 5
886.857 607.857 2
582.0 144.0 2
581.0 168.0 2
863.714 508.714 2
628.143 90.0 1
730.0 54.0 1
573.0 146.25 1
519.0 367.0 3
783.0 499.5 3
547.0 365.0 3
448.857 105.0 4
817.0 573.538 2
283.0 121.476 5
603.0 364.0 3
700.5 415.5 3
694.048 69.0 2
407.0 55.0 5
572.0 99.0 1
703.0 66.0 1
435.0 503.6 3
776.0 145.19 2
896.0 707.0 2
658.5 650.0 3
215.0 676.0 5
449.0 440.867 5
460.0 404.333 5
661.0 58.0 2
597.0 96.0 2
241.0 647.0 5
253.286 186.714 5
439.0 540.8 3
743.5 638.0 3
666.286 111.714 1
645.714 120.0 1
237.0 251.952 5
586.0 120.0 2
790.238 178.238 2
744.0 456.0 3
443.533 75.5333 5
728.0 85.0 1
665.571 79.0 1
474.733 331.267 5
239.0 349.81 5
825.0 310.429 2
265.905 154.095 5
625.0 229.75 2
301.0 76.0 4
483.0 185.133 5
397.571 136.0 4
421.714 144.0 4
443.0 587.0 5
467.0 112.067 5
440.0 550.467 5
488.5 608.0 3
475.0 147.5 4
808.0 543.0 3
718.385 428.385 2
479.0 118.5 4
857.667 475.667 2
481.0 294.733 5
470.0 104.0 4
757.143 112.143 2
233.0 447.667 5
849.0 442.619 2
406.571 106.0 4
349.286 122.286 4
716.5 60.0 1
231.0 480.286 5
327.0 591.0 5
608.25 175.25 2
441.0 466.4 3
238.0 382.429 5
627.0 315.462 2
842.0 409.571 2
575.0 364.0 3
467.0 367.8 5
356.0 588.0 5
220.476 545.524 5
810.0 244.333 2
584.0 162.0 1
701.0 644.0 3
567.5 130.5 1
235.0 415.048 5
298.0 604.0 5
824.667 642.667 2
868.762 541.762 2
446.0 578.0 3
624.0 202.5 2
788.0 632.0 2
604.571 143.429 1
437.933 513.933 5
786.0 627.0 3
707.429 93.0 1
322.0 84.0 4
590.714 101.0 1
811.0 544.308 2
450.0 429.2 3
237.0 317.19 5
463.0 392.0 3
620.0 286.231 2
843.0 654.0 2
374.381 60.619 5
877.0 574.81 2
797.077 515.077 2
445.857 154.0 4
485.0 221.667 5
385.0 596.0 5
343.143 91.0 4
643.0 344.692 2
736.5 81.0 1
689.154 403.154 2
637.0 61.0 2
227.0 512.905 5
684.286 73.7143 1
686.857 103.0 1
898.952 673.952 2
301.0 103.0 4
373.429 129.429 4
831.0 343.476 2
292.5 99.0 4
659.0 372.0 3
806.333 635.0 2
665.0 373.923 2
818.0 277.381 2
879.667 688.667 2
774.846 485.846 2
