314.5 719.0 5
434.0 480.0 3
785.0 648.154 2
277.0 730.0 5
662.429 91.5714 1
584.0 174.0 1
957.0 702.143 2
783.0 707.0 3
458.8 154.8 5
613.333 100.667 2
584.0 142.0 1
182.5 819.5 5
743.5 101.0 1
693.75 721.0 3
756.0 549.385 2
157.0 591.333 5
410.067 627.067 5
149.0 781.095 5
341.286 120.0 4
157.0 667.238 5
407.933 83.0667 5
707.286 98.0 2
422.429 138.0 4
462.0 197.733 5
788.0 661.833 3
654.0 435.692 2
932.0 786.0 2
470.625 689.625 3
619.571 111.0 1
328.714 154.0 4
676.615 462.615 2
559.875 714.0 3
453.0 326.533 5
583.0 158.0 1
202.0 782.0 5
453.0 283.6 5
879.0 292.0 2
196.0 249.762 5
404.0 554.8 3
182.0 287.714 5
953.0 664.857 2
620.0 229.0 2
633.857 104.143 1
613.0 170.0 1
596.0 212.0 2
947.0 627.571 2
593.0 188.0 1
598.286 438.0 3
156.0 477.476 5
365.0 89.0 5
816.0 180.143 2
892.0 329.286 2
173.0 325.667 5
956.571 739.429 2
402.143 132.0 4
920.143 441.143 2
416.143 176.143 4
399.0 584.133 5
848.0 730.0 2
406.8 541.2 5
862.714 254.714 2
734.462 516.462 2
438.0 193.0 4
456.0 240.667 5
709.167 482.0 3
442.714 140.0 4
285.0 144.0 4
786.0 615.231 2
903.0 366.571 2
163.0 401.571 5
444.0 369.467 5
427.0 670.0 5
327.048 108.952 5
691.0 84.0 1
775.0 582.308 2
157.0 629.286 5
621.0 304.0 2
402.0 592.2 3
643.769 402.769 2
469.0 159.25 4
352.0 709.0 5
152.0 705.19 5
453.25 188.75 4
389.5 695.5 5
432.0 455.333 5
633.0 279.0 2
350.571 158.0 4
641.667 88.0 2
161.0 857.0 5
958.0 814.0 2
439.0 412.4 5
168.0 363.619 5
676.714 88.0 1
156.0 553.381 5
936.0 553.0 2
781.857 145.857 2
649.125 720.0 3
307.5 114.0 4
463.0 145.0 4
532.571 439.0 3
593.0 155.333 2
770.5 571.5 3
727.0 71.0 1
784.0 616.667 3
294.0 110.0 4
412.0 517.4 3
599.0 127.0 2
879.0 738.0 2
631.846 369.846 2
262.0 138.0 4
154.0 515.429 5
148.0 743.143 5
605.286 118.0 1
841.429 217.429 2
394.286 167.0 4
664.0 451.0 3
817.0 726.0 2
515.25 706.0 3
926.0 478.429 2
604.5 717.0 3
631.143 443.143 3
786.0 714.0 2
239.5 752.5 5
591.0 126.0 1
159.0 439.524 5
673.0 130.0 1
913.0 403.857 2
653.0 140.0 1
693.0 121.0 1
499.714 447.0 3
941.0 590.286 2
733.0 106.0 1
744.571 117.571 2
219.0 211.81 5
621.0 336.923 2
251.143 173.857 5
648.143 97.0 1
426.0 667.0 3
713.0 113.0 1
754.0 96.0 1
910.0 756.0 2
273.5 141.0 4
462.5 174.5 4
154.0 819.048 5
306.857 149.0 4
381.857 125.0 4
321.0 117.0 4
447.867 111.867 5
738.375 718.0 3
633.0 254.0 2
956.0 776.714 2
709.538 486.538 2
670.0 87.0 2
592.0 183.667 2
361.571 121.0 4
709.0 78.0 1
412.0 629.6 3
419.0 498.267 5
930.714 515.714 2
289.095 137.905 5
372.429 162.0 4
788.0 681.077 2
742.333 526.333 3
466.857 459.0 3
565.429 438.0 3
633.0 151.0 1
