677.0 548.923 2
438.0 322.0 5
731.0 126.0 1
634.286 183.714 1
690.857 137.0 1
449.333 240.667 5
684.429 121.0 2
709.0 132.0 1
390.333 606.667 5
400.0 566.0 5
461.571 480.0 3
408.0 525.333 5
380.0 622.0 3
891.0 703.286 2
561.0 154.0 2
119.0 518.429 5
701.571 163.429 1
656.077 519.077 2
732.0 638.462 2
381.0 102.0 5
144.0 358.619 5
79.0 758.143 5
121.0 803.25 5
361.0 654.0 3
419.0 128.0 4
552.429 459.571 3
334.714 135.0 4
424.0 403.333 5
737.5 150.0 1
264.5 148.5 4
720.0 129.0 1
824.571 291.571 2
589.429 199.0 1
812.0 254.143 2
582.0 141.0 1
90.0 678.238 5
97.0 638.286 5
746.0 668.308 2
253.0 144.0 4
76.0 798.095 5
611.857 193.0 1
129.476 438.524 5
522.143 465.0 3
301.0 131.0 4
861.0 478.714 2
556.0 218.0 2
612.0 399.692 2
646.25 746.75 3
611.0 340.0 2
895.0 815.571 2
721.857 148.857 2
748.0 728.0 2
640.833 497.833 3
433.0 160.5 4
339.0 172.0 4
833.0 329.0 2
880.0 591.0 2
158.0 318.667 5
894.0 740.714 2
106.0 598.333 5
728.333 629.333 3
84.0 718.19 5
431.286 497.0 3
890.0 853.0 2
288.0 128.0 4
654.571 144.0 1
587.0 259.0 2
744.0 673.167 3
638.0 489.231 2
133.0 398.571 5
898.0 778.143 2
431.75 178.25 4
704.0 585.5 3
261.143 161.857 5
431.0 142.75 4
297.0 160.0 4
384.375 733.0 3
368.667 647.333 5
615.0 110.0 2
849.0 403.857 2
276.0 153.0 4
102.375 840.625 5
559.0 250.0 2
423.0 195.0 4
647.0 109.0 2
754.0 698.154 2
564.0 189.0 1
360.0 177.0 4
298.625 693.0 5
420.667 118.667 5
583.0 124.0 2
402.143 135.0 4
636.429 146.571 1
791.714 216.714 2
317.857 133.0 4
717.0 608.615 2
318.0 166.0 4
341.048 110.0 5
751.0 717.0 3
885.0 628.429 2
336.0 688.0 5
275.0 124.0 4
347.0 686.0 3
758.286 182.0 2
613.0 454.0 3
401.0 558.0 3
223.875 709.125 5
79.0 838.048 5
565.0 173.0 1
149.125 766.875 5
491.857 471.0 3
186.5 734.5 5
453.0 200.0 5
698.625 736.0 3
385.286 138.0 4
261.25 698.0 5
413.0 484.667 5
679.143 169.857 1
113.619 558.381 5
570.0 157.0 1
442.667 281.333 5
436.75 752.75 3
751.0 145.0 1
840.0 366.429 2
86.0 878.0 5
671.667 541.667 3
124.0 478.476 5
839.5 762.5 2
582.714 455.0 3
433.0 362.667 5
445.333 159.333 5
865.0 792.0 2
567.0 205.0 1
602.0 284.0 2
888.0 665.857 2
402.0 188.0 4
612.0 429.538 2
617.385 459.385 2
618.286 148.0 1
809.0 740.0 2
541.5 761.0 3
301.095 126.905 5
610.0 312.0 2
611.0 369.846 2
866.0 516.143 2
416.0 444.0 5
173.0 278.714 5
392.0 590.0 3
656.714 176.286 1
351.571 136.0 4
223.19 199.81 5
871.571 553.571 2
368.429 137.0 4
556.0 186.0 2
191.0 238.762 5
857.0 441.286 2
875.5 822.5 2
600.143 145.143 1
381.0 182.0 4
778.5 731.0 2
724.0 155.0 1
672.714 142.0 1
593.875 755.125 3
699.769 578.769 2
489.125 760.0 3
412.0 526.0 3
