584.0 153.0 2
763.0 186.0 1
415.0 546.0 5
861.0 467.667 2
889.333 626.333 2
596.714 232.286 1
84.0 724.762 5
500.5 798.0 3
924.0 904.0 2
543.75 812.0 3
78.0 940.0 5
835.0 818.0 2
414.0 159.0 5
397.4 637.6 3
618.0 417.538 2
856.0 428.0 2
562.0 223.25 1
707.571 201.0 1
760.0 800.0 3
404.0 718.0 5
679.857 207.0 1
174.762 251.238 5
615.0 170.0 1
167.375 789.625 5
367.875 760.0 5
805.667 229.667 2
822.0 269.333 2
866.667 840.667 2
261.0 155.0 4
624.429 220.571 1
527.143 523.0 3
435.0 417.0 5
441.0 206.0 4
430.0 246.0 4
399.2 713.2 3
403.0 599.8 3
427.0 460.0 5
771.667 810.0 2
77.0 896.952 5
560.0 204.5 1
76.0 853.905 5
931.667 824.667 2
716.75 815.0 3
564.857 524.0 3
794.0 756.167 3
127.0 466.476 5
559.0 227.0 2
217.5 760.0 5
288.905 152.0 5
440.0 186.0 4
868.333 507.333 2
395.0 675.4 3
716.833 579.0 3
774.0 194.0 2
408.0 589.0 5
661.0 165.0 1
675.0 518.154 2
283.0 159.0 4
899.0 666.0 2
430.0 166.0 4
245.857 173.143 5
673.5 820.0 3
663.0 484.615 2
400.0 632.0 5
645.077 451.077 2
613.0 357.25 2
735.286 195.0 1
652.143 212.0 1
321.429 207.0 4
77.0 810.857 5
304.0 163.0 4
618.0 134.0 2
605.5 330.5 2
155.714 294.286 5
239.0 149.0 4
773.538 782.462 2
930.0 864.333 2
655.0 134.0 2
684.0 164.0 1
375.714 222.0 4
798.0 749.923 2
418.0 761.0 5
375.0 131.0 5
560.0 185.75 1
693.0 551.692 2
556.0 264.0 2
730.0 157.0 1
203.81 208.19 5
774.308 649.308 2
414.0 751.0 3
613.0 384.0 2
325.0 165.0 4
489.429 525.0 3
451.714 532.0 3
834.0 309.0 2
331.952 137.0 5
444.0 374.0 5
102.0 638.667 5
457.25 778.0 3
773.0 182.0 1
694.667 146.667 2
100.125 889.875 5
409.0 172.0 4
783.0 178.0 1
678.0 539.0 3
240.0 184.0 4
792.0 682.846 2
143.0 337.333 5
444.0 245.0 5
567.0 190.0 2
80.0 767.81 5
95.0 681.714 5
348.571 213.0 4
750.769 615.769 2
734.333 168.333 2
803.333 808.0 2
759.667 621.667 3
448.0 331.0 5
569.0 242.0 1
118.0 552.571 5
844.667 348.667 2
798.0 711.333 3
267.143 194.0 4
740.0 810.0 2
132.0 839.75 5
587.0 817.0 3
402.857 236.857 4
801.0 716.385 2
124.0 509.524 5
419.0 503.0 5
554.0 301.0 2
136.619 380.381 5
928.0 785.0 2
216.0 174.0 4
437.0 202.0 5
602.571 527.0 3
438.0 226.0 4
129.571 423.429 5
346.0 167.0 4
317.75 754.0 5
883.0 586.667 2
707.0 162.0 1
592.0 172.0 1
396.0 675.0 5
267.625 752.0 5
630.25 820.0 3
294.286 201.286 4
448.0 288.0 5
895.333 872.333 2
228.0 179.0 4
110.0 595.619 5
638.0 167.0 1
640.286 531.0 3
720.231 584.231 2
569.0 167.0 1
922.0 745.333 2
414.0 562.0 3
747.0 151.0 1
910.667 705.667 2
388.0 172.0 4
367.0 170.0 4
580.75 306.0 2
785.5 666.5 3
852.0 388.333 2
876.0 547.0 2
738.5 154.0 1
