345.571 106.0 4
588.571 443.0 3
420.0 615.8 3
841.0 163.81 2
340.286 142.286 4
890.0 435.429 2
825.0 678.0 3
715.0 66.0 2
618.0 180.0 1
258.125 641.0 5
618.0 146.0 1
612.0 141.0 2
213.0 260.571 5
602.0 206.0 2
679.875 699.0 3
493.0 112.867 5
769.714 103.286 1
782.905 99.905 2
475.0 322.533 5
187.375 681.0 5
866.0 708.0 2
424.714 175.0 4
624.5 108.5 2
665.571 202.429 1
827.0 122.0 1
894.0 367.524 2
763.923 507.923 2
413.0 574.133 5
271.5 125.5 4
662.0 239.5 2
728.25 698.0 3
222.75 657.25 5
893.333 727.333 2
396.714 120.0 4
427.0 59.0 5
418.0 616.067 5
719.143 119.0 1
422.286 126.0 4
153.0 675.429 5
656.25 274.75 2
636.0 339.846 2
791.769 537.769 2
836.0 637.833 3
650.0 81.0 2
875.0 231.714 2
744.429 112.0 1
902.0 673.095 2
734.167 482.167 3
312.143 133.0 4
424.0 532.2 5
888.0 537.286 2
263.0 156.857 5
852.333 700.0 2
396.571 164.0 4
483.143 454.0 3
583.125 700.0 3
159.0 606.286 5
303.0 97.0 4
906.0 707.048 2
774.333 517.333 3
534.75 696.0 3
681.385 429.385 2
795.0 97.0 1
640.0 213.0 1
815.615 567.615 2
190.0 398.857 5
473.429 139.429 4
776.625 693.0 3
468.933 71.9333 5
655.0 399.538 2
452.857 192.857 4
606.0 173.5 2
888.0 503.333 2
825.0 687.0 2
418.0 547.4 3
553.429 444.0 3
904.0 741.0 2
803.5 94.5 1
812.0 92.0 1
735.077 481.077 2
835.0 120.0 1
623.714 443.0 3
178.0 502.571 5
808.5 557.5 3
882.0 265.667 2
486.375 678.375 3
475.0 280.6 5
152.0 710.0 5
357.857 71.1429 5
206.0 295.143 5
392.429 63.5714 5
638.0 310.0 2
200.0 329.714 5
368.429 153.429 4
889.0 571.238 2
293.5 634.0 5
896.0 639.143 2
259.0 124.0 4
716.714 170.286 1
432.8 513.2 3
171.0 537.143 5
888.0 469.381 2
793.429 136.571 1
643.286 142.0 1
290.714 122.286 5
399.625 645.0 5
767.857 147.143 1
478.0 238.667 5
631.5 700.0 3
460.0 364.467 5
836.846 657.154 2
693.857 125.143 1
838.667 693.0 2
192.0 364.286 5
183.0 468.0 5
499.0 163.25 4
658.857 444.0 3
286.0 94.0 4
705.231 458.231 2
625.0 197.0 1
831.462 597.462 2
224.0 226.0 5
481.0 212.0 4
891.0 605.19 2
838.0 627.308 2
435.0 658.0 5
497.0 179.5 4
668.571 135.0 1
448.0 479.0 3
493.25 195.75 4
748.952 77.0 2
691.143 186.857 1
442.733 490.267 5
742.286 159.714 1
328.875 628.0 5
865.0 197.762 2
894.0 401.476 2
879.667 717.0 2
694.0 449.0 3
411.4 581.6 3
892.0 333.571 2
832.0 597.667 3
449.0 448.333 5
438.0 650.0 3
888.0 299.619 2
320.0 99.0 4
613.0 163.0 1
155.0 640.857 5
637.25 209.0 2
284.0 127.0 4
518.286 446.0 3
240.0 191.429 5
819.0 125.0 1
371.143 112.0 4
364.25 634.0 5
493.0 154.8 5
481.267 196.733 5
187.0 433.429 5
815.857 129.857 2
323.286 93.7143 5
453.0 406.4 5
447.857 131.0 4
499.0 147.0 4
682.5 67.5 2
163.0 571.714 5
642.0 369.692 2
