470.0 436.0 3
615.0 437.0 3
794.5 113.0 1
393.857 212.857 4
126.0 750.0 5
942.0 819.0 2
269.286 186.0 4
860.5 759.0 2
963.0 673.952 2
63.0 559.048 5
606.143 157.0 1
662.429 147.0 1
367.0 68.0 5
463.4 166.4 5
970.0 878.0 2
417.0 614.4 5
227.0 134.0 4
814.0 105.0 1
28.0 908.0 5
812.0 648.0 3
82.0 471.81 5
742.0 547.0 3
72.0 515.429 5
415.0 648.4 3
921.0 388.286 2
58.0 602.667 5
499.0 432.0 3
978.0 837.19 2
627.0 785.0 3
614.0 286.0 2
831.0 748.0 2
25.0 777.143 5
919.5 789.5 2
718.714 135.0 1
574.0 198.5 1
782.0 597.5 3
447.0 121.6 5
410.429 161.0 4
414.0 697.0 3
207.0 165.0 4
201.524 166.476 5
22.0 864.381 5
240.0 711.0 5
73.0 794.0 5
466.0 256.0 5
349.286 156.0 4
883.0 265.857 2
103.429 384.571 5
721.538 524.538 2
656.714 201.0 1
237.143 122.857 5
824.154 684.154 2
441.0 454.0 3
690.571 141.429 1
890.0 771.0 2
680.25 788.0 3
718.429 187.571 1
830.0 698.5 3
811.0 149.0 1
613.0 309.5 2
192.0 127.0 4
733.5 786.0 3
581.0 220.25 1
599.0 233.0 1
629.923 364.923 2
780.143 163.0 1
379.857 160.857 4
634.286 152.714 1
323.381 76.619 5
238.143 176.0 4
578.0 155.0 1
814.429 147.429 2
448.0 178.0 4
581.0 203.167 2
573.75 779.0 3
119.048 340.952 5
750.462 556.462 2
446.0 197.0 4
587.5 129.5 2
446.8 435.2 5
528.0 428.0 3
618.333 92.6666 2
655.0 428.769 2
840.0 137.0 1
461.0 300.8 5
873.0 225.048 2
440.0 216.0 4
91.0 428.19 5
420.0 551.2 3
694.5 496.5 3
949.0 510.714 2
814.0 652.231 2
773.619 116.619 2
836.0 716.077 2
692.0 73.0 2
749.286 176.714 1
614.0 333.0 2
746.857 128.143 1
49.0 646.286 5
956.0 551.524 2
467.25 737.25 3
32.0 733.524 5
644.0 446.0 3
297.0 711.0 5
411.0 704.0 5
586.0 431.0 3
441.0 159.0 4
840.0 749.0 3
690.615 492.615 2
895.667 306.667 2
417.0 599.8 3
279.762 92.2381 5
354.0 712.0 5
645.0 396.846 2
428.0 524.8 5
257.571 142.0 4
775.0 119.0 1
183.0 724.0 5
687.571 193.0 1
980.0 796.381 2
958.0 592.333 2
418.0 569.6 5
411.8 79.0 5
414.0 659.2 5
209.5 130.0 4
976.0 755.571 2
604.5 262.5 2
957.0 848.5 2
469.0 211.2 5
429.0 502.6 3
21.0 820.762 5
288.143 147.0 4
908.0 347.476 2
852.238 184.238 2
175.0 157.0 4
933.0 429.095 2
362.714 204.0 4
969.762 714.762 2
169.0 210.095 5
797.0 620.308 2
732.81 84.8095 2
579.0 166.333 2
825.5 143.0 1
40.0 689.905 5
45.0 851.0 5
520.5 763.0 3
584.0 240.0 2
318.714 152.0 4
425.0 226.0 4
655.167 76.0 2
331.571 199.0 4
134.667 297.333 5
660.692 460.692 2
191.0 160.0 4
776.385 588.385 2
571.0 176.75 1
557.0 427.0 3
458.0 345.6 5
436.0 480.0 5
148.0 253.714 5
960.0 633.143 2
625.857 216.0 1
456.0 390.4 5
300.429 193.0 4
786.75 779.0 3
941.905 469.905 2
