640.0 97.0 2
899.167 793.167 2
511.0 264.667 5
349.0 122.0 4
830.0 661.333 3
269.0 227.857 5
766.667 566.667 3
452.857 175.857 4
169.714 703.286 5
530.714 465.286 3
749.308 549.308 2
218.0 447.286 5
510.0 156.0 4
451.0 690.0 5
870.0 546.0 2
680.0 477.0 3
802.125 769.0 3
654.0 430.769 2
396.714 129.0 4
590.429 457.0 3
195.429 593.571 5
261.0 738.0 5
781.429 149.429 2
508.0 307.2 5
397.429 107.571 5
477.429 189.429 4
673.0 88.0 2
719.923 517.923 2
360.857 130.143 5
612.0 122.0 2
476.533 106.0 5
853.0 757.0 3
620.286 460.0 3
361.0 124.0 4
450.286 129.0 4
375.0 707.0 5
887.5 782.5 2
754.0 128.0 1
864.0 401.429 2
698.538 487.0 2
852.0 329.143 2
858.0 365.286 2
468.143 121.857 4
413.0 697.0 5
209.0 520.429 5
222.0 410.714 5
749.0 98.0 1
700.375 763.0 3
807.0 609.077 2
722.571 134.0 1
432.429 131.0 4
875.833 771.833 2
434.0 93.0 5
226.857 374.143 5
233.0 337.571 5
751.25 766.0 3
905.0 799.0 2
872.0 582.143 2
871.0 509.857 2
486.0 116.0 4
448.0 668.0 3
214.0 483.857 5
642.0 368.0 2
668.714 108.0 1
200.0 557.0 5
667.154 462.154 2
330.0 152.0 4
467.0 519.867 5
500.857 479.0 3
679.571 109.0 1
606.0 254.0 2
481.2 434.8 5
447.0 635.4 3
598.625 754.0 3
379.143 159.143 4
502.0 197.0 4
778.0 122.0 1
502.5 135.5 4
451.8 570.2 3
822.462 640.462 2
414.571 131.0 4
161.0 739.857 5
504.0 349.733 5
778.692 580.0 2
834.846 671.846 2
649.5 758.5 3
428.286 169.0 4
723.0 105.0 1
650.143 463.0 3
691.143 146.857 1
722.0 520.833 3
156.0 776.429 5
337.0 120.0 4
701.286 109.0 1
177.0 666.714 5
622.75 116.0 1
337.0 720.0 5
885.571 690.571 2
185.0 777.0 5
354.571 156.0 4
626.0 163.75 1
706.857 140.0 1
560.571 459.0 3
847.0 709.167 3
839.0 256.857 2
647.0 399.385 2
662.0 332.5 2
462.0 537.6 3
649.0 175.0 1
294.0 191.286 5
847.231 703.231 2
506.0 137.067 5
745.286 121.0 2
378.857 127.0 4
736.0 102.0 1
513.0 179.6 5
901.0 762.857 2
449.0 647.467 5
876.0 618.286 2
154.0 813.0 5
512.0 176.5 4
513.0 222.133 5
647.0 102.0 1
825.0 220.714 2
618.0 139.5 1
473.0 477.333 5
690.429 109.0 1
609.0 155.0 2
678.0 157.571 1
738.286 130.714 1
893.333 788.333 2
444.0 604.933 5
324.286 155.714 5
893.714 726.714 2
606.0 188.0 2
870.0 473.714 2
807.5 613.5 3
806.0 184.571 2
498.0 392.267 5
251.571 264.429 5
241.0 301.0 5
299.0 729.0 5
709.143 98.1429 2
665.0 297.0 2
187.0 630.143 5
471.0 505.0 3
870.0 766.0 2
849.0 293.0 2
881.667 776.667 2
664.714 168.0 1
605.0 221.0 2
657.857 106.0 1
223.0 755.0 5
445.0 602.8 3
455.0 562.4 5
712.143 107.0 1
547.75 744.0 3
496.875 715.0 3
318.5 149.5 4
858.615 734.615 2
307.0 147.0 4
641.5 263.5 2
868.0 437.571 2
880.0 654.429 2
766.0 125.0 1
403.714 163.0 4
