269.571 161.0 4
877.0 471.619 2
744.0 749.846 2
647.0 122.0 2
740.0 818.0 2
383.143 223.143 4
740.0 721.0 3
234.5 140.0 4
402.0 794.0 3
391.2 612.8 5
84.8571 778.143 5
757.0 164.0 1
438.0 204.5 4
295.286 112.0 5
426.8 148.8 5
637.0 856.0 3
637.5 569.5 3
892.0 593.905 2
845.571 308.571 2
571.0 139.0 1
556.0 246.5 2
107.286 909.286 5
888.0 553.143 2
633.143 159.0 1
364.4 705.6 5
828.81 267.81 2
904.0 716.19 2
196.0 161.0 4
435.0 167.0 4
579.0 443.154 2
763.0 816.0 2
635.429 209.0 1
87.0 690.714 5
644.462 579.462 2
572.286 513.0 3
598.0 520.0 3
566.0 282.0 2
674.571 154.0 1
154.25 884.75 5
365.0 707.4 3
83.0 821.857 5
339.0 103.0 5
434.0 334.4 5
188.875 853.125 5
93.0 865.571 5
359.0 752.0 5
379.857 177.0 4
667.538 613.538 2
728.524 150.524 2
719.857 183.143 1
607.286 213.0 1
87.0 472.143 5
590.231 477.231 2
441.0 241.6 5
612.429 159.0 1
903.0 675.429 2
223.5 829.0 5
675.0 620.0 3
712.5 670.5 3
354.286 223.0 4
538.0 211.0 1
430.0 223.25 4
449.0 823.0 3
90.0 515.857 5
88.0 559.571 5
695.286 148.714 1
581.0 409.077 2
583.0 350.5 2
297.143 173.0 4
732.0 132.0 1
107.0 341.0 5
90.0 647.0 5
87.0 603.286 5
166.0 209.857 5
439.0 185.75 4
731.0 822.0 3
141.429 253.571 5
325.429 223.0 4
496.0 837.0 3
227.0 134.0 4
389.0 624.2 3
786.0 834.0 2
590.0 854.0 3
809.0 853.0 2
377.8 659.2 5
744.0 771.5 3
469.429 512.0 3
495.143 509.0 3
558.0 175.5 2
575.0 375.0 2
540.0 187.0 1
719.0 681.692 2
443.714 520.0 3
409.0 566.4 5
766.0 160.0 1
653.857 157.0 1
430.0 427.2 5
808.048 227.048 2
691.714 195.0 1
684.0 846.0 3
905.952 756.952 2
420.0 520.0 5
897.667 634.667 2
210.0 171.0 4
543.0 846.0 3
327.375 781.625 5
207.857 169.143 5
385.4 111.0 5
546.571 511.0 3
716.0 140.0 1
741.0 783.923 2
376.2 665.8 3
404.4 582.6 3
292.75 803.0 5
92.2857 384.714 5
133.625 918.375 5
866.0 920.0 2
737.769 715.769 2
238.857 189.0 4
258.125 812.0 5
871.0 430.857 2
611.5 129.0 2
267.714 203.714 4
437.0 288.0 5
902.0 838.476 2
591.714 148.714 1
86.0 428.429 5
769.286 187.286 2
687.762 128.762 2
625.385 545.385 2
426.4 473.6 5
589.0 326.0 2
203.0 166.0 4
324.714 177.0 4
694.615 647.615 2
556.0 211.0 2
724.0 136.0 1
242.0 146.0 4
352.286 181.0 4
748.0 169.0 1
607.308 511.308 2
407.429 171.0 4
296.571 216.0 4
859.333 349.333 2
361.0 749.0 3
584.5 301.5 2
433.0 380.8 5
576.0 143.0 2
864.0 390.095 2
579.143 224.0 1
853.0 897.0 2
663.571 203.0 1
251.571 134.0 5
907.0 797.714 2
550.0 163.0 1
439.0 195.2 5
551.0 235.0 1
832.0 874.0 2
520.857 509.0 3
889.0 879.238 2
883.0 512.381 2
424.0 541.0 3
412.0 231.0 4
124.0 953.0 5
121.0 297.286 5
86.0 734.429 5
