350.143 123.0 5
581.5 170.5 1
833.333 505.333 2
644.0 307.692 2
177.625 743.375 5
599.0 202.0 1
360.286 149.0 4
384.0 115.0 5
380.714 149.0 4
178.857 506.143 5
456.25 201.75 4
169.0 573.857 5
421.571 148.0 4
339.857 149.0 4
789.0 94.0 1
804.0 692.0 2
808.0 165.81 2
479.0 191.4 5
486.0 229.533 5
591.0 177.0 2
808.0 123.0 1
465.0 415.0 3
867.0 675.095 2
858.0 641.143 2
485.0 267.667 5
311.125 662.0 5
469.667 699.667 3
645.0 402.769 2
458.267 153.267 5
151.0 675.429 5
461.0 444.25 3
749.905 103.905 2
826.0 267.667 2
202.0 404.571 5
453.0 163.25 4
756.714 133.0 1
608.2 414.0 3
843.0 722.0 2
839.0 573.238 2
749.0 102.0 1
151.0 777.0 5
769.0 98.0 1
668.154 466.154 2
155.0 641.571 5
319.429 146.0 4
417.0 590.5 3
438.0 532.0 3
231.0 269.143 5
597.667 130.333 2
644.0 423.0 3
696.0 495.0 3
425.0 215.0 4
821.0 233.714 2
612.0 108.0 2
305.0 185.0 4
572.4 411.0 3
781.0 606.0 3
731.0 532.0 3
644.0 276.0 2
795.5 124.0 1
534.333 712.0 3
174.0 540.0 5
771.0 587.923 2
580.0 137.0 1
817.0 700.0 2
644.0 339.385 2
652.429 128.0 1
457.0 182.5 4
223.0 303.0 5
652.0 434.462 2
148.0 743.143 5
871.0 709.048 2
353.0 201.0 4
793.0 680.0 3
620.75 188.0 2
795.0 643.0 3
666.0 460.0 3
287.5 139.0 4
682.0 72.0 2
240.0 235.286 5
316.286 139.0 5
591.0 153.667 2
625.286 190.0 1
599.0 712.0 3
676.571 125.0 1
299.0 141.0 4
243.875 693.125 5
628.286 132.0 1
579.0 153.75 1
651.571 180.0 1
587.0 187.25 1
830.0 709.0 2
449.0 221.0 4
830.0 335.571 2
724.857 111.143 1
277.5 679.0 5
715.952 83.0 2
762.0 569.0 3
730.429 146.0 1
751.0 556.231 2
798.0 651.308 2
412.0 610.867 5
677.857 170.0 1
418.267 572.733 5
401.143 149.0 4
162.286 607.714 5
210.25 709.75 5
869.0 743.0 2
412.0 649.0 5
728.333 707.0 3
377.0 204.0 4
147.0 709.286 5
480.0 305.8 5
194.0 438.429 5
276.0 137.0 4
425.0 561.25 3
789.0 619.615 2
783.857 132.857 2
442.0 144.0 4
658.667 74.0 2
410.0 649.0 3
270.0 171.0 4
475.0 343.933 5
211.0 370.714 5
832.0 437.429 2
644.0 371.077 2
833.0 471.381 2
412.0 619.75 3
791.0 683.0 2
185.714 472.286 5
329.0 195.0 4
468.0 382.067 5
831.0 369.524 2
457.0 458.333 5
283.429 167.571 5
536.6 408.0 3
446.0 496.467 5
604.143 136.0 1
646.0 246.25 2
463.0 420.2 5
422.133 122.0 5
663.667 710.0 3
500.8 406.0 3
344.75 649.0 5
635.333 87.0 2
431.4 534.6 5
401.0 207.0 4
856.0 733.0 2
281.0 176.0 4
848.0 607.19 2
817.0 199.762 2
455.0 473.5 3
216.0 336.857 5
835.0 539.286 2
258.571 201.429 5
450.0 502.75 3
639.5 216.5 2
695.846 495.0 2
700.714 119.0 1
783.0 125.0 1
259.0 167.0 4
725.538 524.538 2
378.375 646.0 5
704.143 157.857 1
832.0 403.476 2
829.0 301.619 2
