150.0 707.81 5
607.857 188.0 1
204.0 160.0 4
499.0 457.0 3
212.0 790.5 5
567.0 156.0 1
352.5 686.0 5
599.0 285.0 2
631.75 744.0 3
430.0 696.0 5
234.0 142.0 4
427.0 611.2 5
740.0 632.333 3
533.0 170.0 1
862.0 607.048 2
203.0 187.19 5
439.0 314.4 5
441.0 486.0 3
318.952 100.048 5
152.667 587.667 5
439.0 653.6 5
669.5 741.0 3
278.905 122.0 5
611.077 386.077 2
153.0 427.476 5
528.0 453.0 3
443.0 187.2 5
220.0 139.0 4
150.0 667.762 5
617.0 146.0 1
163.714 267.286 5
640.154 487.154 2
766.333 726.0 2
804.429 241.429 2
556.25 740.0 3
421.0 175.5 4
831.0 407.619 2
159.0 787.905 5
271.429 151.0 4
422.0 526.4 5
835.857 440.857 2
617.0 419.769 2
388.571 166.0 4
766.952 174.952 2
547.0 160.0 2
518.5 732.0 3
642.0 142.0 1
633.286 175.714 1
848.0 540.571 2
594.0 743.0 3
152.0 547.619 5
735.714 141.714 2
436.2 649.2 3
843.0 507.333 2
534.0 188.0 1
423.0 189.0 4
824.0 341.143 2
840.0 474.095 2
726.0 117.0 1
720.0 588.5 3
747.0 676.167 3
152.0 627.714 5
169.0 827.952 5
754.0 130.0 1
248.0 145.0 4
153.0 467.524 5
746.0 723.0 2
280.0 186.0 4
361.0 202.0 4
215.0 163.0 4
745.0 720.0 3
580.0 108.0 2
684.143 161.857 1
425.0 615.4 3
543.0 216.0 2
709.571 154.0 1
589.0 234.5 2
615.0 457.0 3
445.0 272.0 5
598.0 259.75 2
318.286 155.0 4
191.75 829.25 5
791.0 208.19 2
608.0 95.0 2
237.25 751.75 5
739.923 621.923 2
873.0 706.762 2
151.0 747.857 5
568.25 219.0 2
275.0 721.0 5
670.0 520.846 2
421.0 568.8 5
470.0 467.0 3
412.0 162.0 4
688.0 544.667 3
813.0 274.667 2
158.0 307.333 5
421.0 514.0 3
653.833 500.833 3
744.0 655.615 2
423.0 399.2 5
719.231 588.231 2
600.0 318.692 2
253.0 178.0 4
155.0 347.381 5
444.0 683.0 3
401.4 103.4 5
827.333 728.0 2
744.5 135.0 1
176.0 227.238 5
855.81 573.81 2
422.0 202.5 4
359.0 89.0 5
341.714 158.0 4
153.0 507.571 5
446.0 229.6 5
717.0 121.0 1
541.0 206.0 1
735.0 113.0 1
807.0 726.0 2
586.0 455.0 3
542.0 152.0 1
543.0 188.0 2
697.538 554.538 2
786.667 726.0 2
873.0 673.524 2
746.0 689.308 2
432.0 356.8 5
702.476 116.0 2
422.0 484.0 5
429.8 144.8 5
692.0 128.0 1
658.714 167.0 1
667.0 136.0 1
480.75 715.75 3
391.25 690.0 5
818.0 307.905 2
847.667 733.0 2
669.238 99.0 2
559.0 132.0 2
582.429 199.571 1
624.0 453.462 2
153.0 387.429 5
420.0 581.6 3
226.0 167.0 4
294.857 154.0 4
419.0 547.8 3
365.143 163.0 4
867.286 640.286 2
388.0 208.0 4
557.0 452.0 3
868.0 740.0 2
828.0 374.381 2
605.0 352.385 2
557.0 213.0 1
735.0 140.0 1
636.0 93.0 2
422.0 441.6 5
313.75 699.25 5
707.25 733.0 3
334.0 195.0 4
592.0 149.0 1
415.0 216.0 4
180.0 868.0 5
307.0 190.0 4
238.857 150.143 5
