350.714 204.714 4
690.571 174.0 1
625.0 412.846 2
399.857 217.0 4
433.8 170.8 5
433.0 459.0 3
917.0 445.952 2
274.0 209.0 4
527.714 414.0 3
740.762 149.0 2
85.0 644.333 5
326.143 194.0 4
751.5 138.5 1
695.143 219.857 1
415.0 500.0 3
399.4 147.0 5
874.333 605.333 2
131.0 443.667 5
557.0 238.0 1
777.0 157.0 1
173.667 300.333 5
575.0 295.0 2
455.0 410.6 5
639.143 201.0 1
297.0 226.0 4
562.0 216.0 1
645.333 455.0 3
611.0 331.0 2
385.0 548.2 5
742.0 144.0 1
297.0 586.0 5
719.429 203.571 1
106.0 558.333 5
620.0 369.615 2
261.0 584.0 5
983.0 673.0 2
440.5 269.5 4
225.0 587.0 5
120.0 501.0 5
375.0 623.0 3
585.0 282.0 1
712.923 504.923 2
463.0 376.2 5
88.0 615.667 5
670.857 234.143 1
786.0 152.0 1
649.0 456.077 2
425.25 291.0 4
622.0 391.231 2
894.0 360.81 2
250.333 188.667 5
716.286 159.0 1
389.0 271.0 4
753.625 633.375 3
155.0 357.667 5
366.0 259.0 4
924.0 474.333 2
415.375 661.0 3
646.571 249.0 1
113.0 529.667 5
902.0 389.19 2
548.286 416.0 3
224.667 214.333 5
333.0 599.0 5
847.167 600.0 2
365.0 141.0 5
931.714 502.714 2
623.286 267.714 1
858.667 275.667 2
442.0 445.0 5
584.5 672.0 3
712.381 138.0 2
389.0 541.0 3
189.0 599.0 5
424.429 220.0 4
799.385 574.385 2
680.667 484.667 3
251.0 193.0 4
336.333 146.0 5
592.0 300.0 2
697.25 650.75 3
909.0 417.571 2
589.429 428.0 3
822.905 218.905 2
164.0 329.0 5
796.524 190.524 2
320.0 239.0 4
928.667 628.0 2
585.0 225.667 2
153.0 614.0 5
307.667 155.333 5
279.0 169.0 5
255.0 160.0 4
769.143 165.143 2
761.0 133.0 1
967.0 587.857 2
343.0 249.0 4
449.0 225.0 4
768.0 162.0 1
606.0 314.0 2
369.0 617.0 5
716.0 507.0 3
449.0 247.25 4
901.5 614.0 2
139.0 415.0 5
453.0 204.2 5
266.0 166.0 4
591.0 191.0 2
587.714 214.0 1
843.286 247.286 2
956.0 559.476 2
117.0 639.0 5
691.308 492.308 2
955.833 651.833 2
468.0 307.4 5
374.0 582.6 5
785.667 560.667 3
463.0 238.6 5
97.0 587.0 5
734.538 519.538 2
203.0 243.0 5
467.0 341.8 5
756.154 535.0 2
884.429 332.429 2
664.857 189.0 1
301.571 184.571 4
613.429 212.0 1
633.0 434.462 2
979.0 644.619 2
277.0 171.0 4
422.0 479.4 5
610.0 436.0 3
486.571 416.0 3
649.333 142.0 2
147.0 386.333 5
579.0 260.333 2
569.0 260.0 1
240.5 186.5 4
507.143 414.0 3
185.333 271.667 5
615.0 348.0 2
528.125 674.0 3
375.0 582.0 3
568.857 420.0 3
468.0 273.0 5
974.0 616.238 2
640.875 663.0 3
669.692 475.692 2
471.75 670.0 3
809.0 596.0 3
466.0 418.0 3
614.667 156.333 2
684.0 135.0 2
820.0 596.0 2
743.714 181.286 1
81.0 673.0 5
375.286 212.0 4
230.0 180.0 4
606.0 292.0 1
405.2 513.8 5
751.333 531.333 3
944.095 531.095 2
872.0 304.048 2
403.0 293.0 4
777.769 552.769 2
124.667 472.333 5
