738.75 711.0 3
315.905 122.095 5
424.667 472.333 5
578.0 249.167 2
996.0 787.0 2
892.0 368.143 2
200.0 246.286 5
245.5 636.0 5
386.0 107.0 5
850.0 657.0 2
289.875 623.0 5
861.0 263.429 2
280.857 141.143 5
310.714 142.0 4
155.0 421.524 5
408.0 545.667 5
423.0 619.0 5
687.571 129.0 1
919.0 472.857 2
406.0 504.4 3
602.0 345.0 2
685.125 715.0 3
800.0 545.0 2
460.0 399.0 5
278.5 130.5 4
592.0 178.5 1
833.0 601.0 2
602.0 218.0 1
470.625 671.625 3
441.0 135.0 4
618.571 384.0 3
976.667 762.667 2
289.0 136.0 4
577.875 709.0 3
259.0 167.0 4
473.0 289.0 5
670.857 133.143 1
128.0 526.667 5
268.0 125.0 4
685.0 105.0 2
845.0 671.0 3
448.333 435.667 5
862.0 685.0 2
113.375 729.625 5
620.714 139.0 1
415.0 582.333 5
445.0 221.0 4
886.333 692.0 2
631.5 715.0 3
410.0 509.0 5
751.0 489.0 2
719.143 160.857 1
972.0 647.381 2
695.0 439.0 2
589.0 198.25 1
66.0 736.952 5
695.714 169.0 1
981.286 682.286 2
579.0 211.333 2
478.0 179.0 5
692.833 440.833 3
536.286 388.0 3
431.0 464.2 3
646.0 389.0 2
654.143 136.857 1
873.333 298.333 2
647.167 110.833 2
418.429 206.429 4
742.571 153.0 1
163.0 351.429 5
391.857 198.0 4
929.0 507.762 2
591.143 384.0 3
754.81 132.0 2
998.0 752.095 2
453.0 154.25 4
579.0 287.0 2
563.714 386.0 3
375.857 149.0 4
397.571 146.429 4
159.0 386.476 5
883.238 333.238 2
408.0 544.6 3
378.625 620.0 5
766.0 141.0 1
838.0 622.167 3
181.667 281.333 5
958.0 738.333 2
247.81 176.19 5
453.0 198.75 4
237.0 153.0 4
115.0 561.714 5
216.762 211.238 5
774.0 133.0 1
901.048 403.048 2
157.75 694.25 5
723.0 463.0 2
101.238 596.762 5
991.0 717.19 2
168.0 316.381 5
952.571 577.571 2
648.857 187.0 1
508.857 392.0 3
594.25 299.25 2
338.714 193.0 4
141.0 491.619 5
91.0 631.81 5
481.429 400.571 3
248.0 160.0 4
312.143 189.143 4
201.125 656.875 5
350.952 110.0 5
365.286 195.0 4
788.714 158.714 2
463.0 362.333 5
818.333 573.333 3
782.0 126.0 1
842.0 629.0 2
150.0 456.571 5
630.0 361.0 2
941.0 542.667 2
459.333 143.333 5
71.0 701.905 5
285.571 180.571 4
595.25 158.75 1
72.0 772.0 5
610.0 135.667 2
422.667 114.667 5
734.0 111.0 1
426.0 625.0 3
450.5 176.5 4
354.143 149.0 4
747.0 105.0 1
637.429 138.571 1
935.0 718.0 2
414.0 584.8 3
721.0 117.0 1
587.0 173.5 2
910.0 437.952 2
419.286 141.0 4
468.0 325.667 5
646.0 396.0 3
625.429 199.571 1
819.619 193.619 2
524.25 696.25 3
962.476 612.476 2
598.5 314.5 2
480.0 252.333 5
792.375 702.0 3
704.286 123.0 1
332.429 148.0 4
843.0 228.524 2
604.0 139.0 1
910.667 702.667 2
719.905 116.0 2
483.0 215.667 5
457.0 424.0 3
819.0 573.0 2
741.667 481.667 3
601.0 329.75 2
672.286 177.0 1
668.0 417.0 2
785.5 524.5 3
84.0 666.857 5
777.0 517.0 2
334.25 617.0 5
