817.571 146.571 2
475.0 151.8 5
632.714 168.286 1
342.143 87.0 5
912.143 495.143 2
400.0 639.0 5
817.0 677.0 2
783.714 117.714 2
703.857 145.0 1
809.0 649.692 2
870.0 693.0 2
471.0 233.0 5
238.0 155.429 5
193.0 298.857 5
765.769 567.769 2
615.143 432.0 3
647.0 434.0 3
200.0 263.0 5
286.0 638.0 5
651.231 431.231 2
404.286 100.286 4
583.286 431.0 3
935.0 599.714 2
780.667 590.667 3
752.0 689.0 3
729.286 94.0 1
639.0 296.75 2
455.8 314.2 5
709.571 98.0 1
626.0 139.0 2
721.333 512.333 3
749.0 90.0 1
694.846 485.846 2
552.0 698.0 3
647.0 403.923 2
399.0 543.2 3
551.429 433.571 3
324.0 637.0 5
775.0 120.0 1
122.0 693.286 5
270.429 127.0 5
364.571 139.0 4
610.0 201.667 2
928.857 564.857 2
316.857 122.0 4
264.0 98.0 4
601.5 120.5 1
424.0 480.0 3
393.4 598.4 5
751.286 127.714 1
949.429 669.429 2
115.0 729.143 5
454.0 87.0 4
896.5 703.0 2
670.143 105.0 1
783.077 595.077 2
354.571 91.5714 4
868.0 286.0 2
403.0 638.0 3
410.0 511.6 3
519.571 437.429 3
340.714 131.0 4
843.5 683.5 2
609.0 182.0 1
173.0 689.0 5
153.0 549.857 5
394.2 557.8 5
158.0 514.0 5
117.0 765.0 5
645.0 376.615 2
176.0 370.571 5
875.857 320.857 2
487.714 446.286 3
427.0 436.0 5
632.0 322.0 2
744.0 540.462 2
652.0 701.0 3
219.0 191.286 5
464.0 108.0 4
785.0 78.0 1
955.0 739.143 2
502.0 693.0 3
861.0 251.143 2
378.0 79.0 5
412.286 156.0 4
796.5 109.0 1
452.0 678.0 3
753.5 551.5 3
140.0 621.571 5
388.429 146.0 4
306.286 100.714 5
442.0 354.8 5
418.6 87.0 5
184.0 334.714 5
395.0 606.4 3
942.0 634.571 2
393.0 574.8 3
406.0 517.2 5
902.0 460.286 2
797.385 622.385 2
459.2 111.2 5
455.857 459.143 3
131.0 657.429 5
651.333 109.667 2
802.0 669.0 3
839.429 181.429 2
463.0 152.0 4
371.143 95.1429 4
640.5 271.5 2
248.0 646.0 5
798.0 629.833 3
614.667 170.333 2
169.0 406.429 5
656.429 155.0 1
727.571 137.0 1
720.154 513.154 2
420.857 101.0 4
436.143 169.0 4
883.0 355.714 2
362.0 641.0 5
338.0 88.0 4
608.0 233.0 2
299.0 77.0 4
611.0 100.0 1
465.0 273.6 5
672.0 458.538 2
437.429 96.5714 4
702.0 698.0 3
939.0 747.5 2
921.0 530.0 2
474.0 192.4 5
602.0 701.0 3
424.0 476.6 5
889.0 390.571 2
464.0 130.0 4
682.167 473.167 3
387.714 99.0 4
851.0 216.286 2
689.857 102.143 1
147.0 585.714 5
650.429 107.0 1
896.0 425.429 2
632.0 246.25 2
682.667 93.3334 2
680.143 148.0 1
161.0 478.143 5
168.0 442.286 5
429.0 395.4 5
818.0 99.0 1
206.0 227.143 5
293.0 112.0 4
748.857 96.8571 2
142.0 727.0 5
714.0 89.0 2
210.0 660.0 5
278.5 105.5 4
923.0 721.0 2
599.0 141.0 1
459.0 174.0 4
318.5 84.0 4
955.0 704.286 2
600.5 161.5 1
767.0 85.0 1
640.308 349.308 2
630.714 106.0 1
958.0 774.0 2
