133.0 452.81 5
409.0 331.133 5
290.952 73.0476 5
255.42899999999997 100.571 5
549.0 201.0 1
553.714 447.0 3
748.0 697.308 2
613.0 356.385 2
692.846 523.846 2
730.0 578.0 3
824.0 281.0 2
777.0 115.0 1
579.0 217.0 2
885.0 714.714 2
104.095 594.905 5
454.0 173.0 4
517.25 751.0 3
93.0 665.952 5
689.429 59.0 2
390.0 593.533 5
606.857 128.0 1
890.0 754.143 2
409.286 202.0 4
453.5 151.5 4
97.0 630.429 5
137.0 417.286 5
802.333 745.333 2
92.0 701.476 5
353.857 180.857 4
257.5 91.5 4
854.571 517.571 2
555.0 102.5 2
625.857 184.0 1
449.0 243.667 5
437.0 216.0 4
259.0 646.0 5
117.0 523.857 5
843.286 399.286 2
554.0 133.0 1
329.0 659.0 5
390.0 549.8 5
427.75 699.75 3
400.0 479.0 3
612.0 262.0 2
390.0 637.267 5
222.0 108.0 4
717.538 558.538 2
419.0 135.0 4
748.0 623.667 3
818.0 241.571 2
766.0 90.0 1
174.0 204.143 5
165.0 239.667 5
562.0 754.0 3
554.0 212.0 2
773.667 736.667 2
768.286 123.286 2
434.0 287.4 5
627.462 458.462 2
319.0 117.0 4
269.0 96.0 4
739.0 99.0 1
189.0 657.0 5
847.0 438.714 2
613.0 287.0 2
633.286 126.0 1
381.571 189.0 4
472.5 735.0 3
390.0 619.8 3
702.333 532.333 3
552.0 139.0 2
390.0 549.4 3
543.0 178.0 1
829.0 320.429 2
794.0 162.714 2
661.667 488.667 3
393.0 514.2 3
369.0 131.0 4
405.733 69.7333 5
887.0 833.0 2
739.571 136.0 1
835.0 359.857 2
611.0 391.077 2
859.0 557.0 2
580.429 129.0 1
429.143 452.857 3
890.0 793.571 2
749.0 669.333 3
651.5 746.0 3
326.143 168.143 4
391.0 506.067 5
157.0 275.19 5
650.0 48.0 2
243.0 122.0 4
394.0 134.0 4
388.0 462.333 5
395.0 374.867 5
752.0 662.615 2
232.5 115.0 4
696.25 737.0 3
144.0 346.238 5
659.714 123.0 1
344.0 125.0 4
682.714 157.0 1
850.0 478.143 2
395.0 655.0 3
584.857 450.0 3
786.0 111.0 1
294.0 649.0 5
654.286 170.714 1
454.0 199.933 5
450.0 156.2 5
569.0 217.0 1
541.0 155.0 1
809.143 202.143 2
434.0 112.467 5
876.0 804.333 2
362.0 52.0 5
768.0 120.0 1
140.0 381.762 5
388.0 418.6 5
602.0 237.0 2
739.0 593.231 2
616.0 452.0 3
111.0 559.381 5
865.0 596.429 2
270.714 138.0 4
606.75 751.0 3
154.0 673.0 5
294.0 107.0 4
879.0 675.286 2
577.0 71.0 2
491.429 444.0 3
831.0 751.0 2
745.0 732.0 2
124.0 488.333 5
93.0 737.0 5
326.476 57.5238 5
611.0 425.769 2
219.905 134.095 5
749.923 627.923 2
224.0 649.0 5
712.571 109.429 1
711.143 146.0 1
612.0 321.692 2
246.0 85.0 4
390.0 584.6 3
364.0 674.0 5
119.0 702.0 5
597.429 199.0 1
551.0 175.5 2
189.381 168.619 5
741.0 715.0 3
752.5 95.5 1
444.0 131.0 4
448.5 194.5 4
298.429 152.0 4
662.154 489.154 2
728.857 88.0 2
686.143 117.0 1
858.667 775.667 2
152.0 310.714 5
872.0 635.857 2
460.286 446.714 3
522.571 444.0 3
613.5 53.0 2
