825.0 138.0 1
400.133 539.867 5
269.0 108.0 4
466.0 214.133 5
621.0 290.5 2
855.0 863.0 2
783.0 788.0 2
113.0 766.714 5
139.857 514.143 5
543.429 421.0 3
798.0 148.0 1
245.714 136.286 5
812.0 806.0 2
859.0 240.619 2
411.0 519.2 3
415.429 155.0 4
878.333 623.333 2
649.333 78.0 2
880.0 665.857 2
739.0 679.846 2
734.0 665.333 3
610.143 155.0 1
107.0 850.905 5
326.905 78.0952 5
356.857 138.0 4
146.0 429.952 5
252.0 101.0 4
278.0 154.0 4
260.5 104.5 4
801.0 105.0 1
698.692 576.692 2
877.0 580.81 2
443.25 757.0 3
876.0 921.0 2
882.0 708.381 2
420.667 493.333 5
837.095 198.095 2
875.0 538.286 2
390.0 632.933 5
689.0 556.667 3
529.75 791.0 3
609.667 93.0 2
774.048 113.048 2
464.0 204.0 4
573.286 421.0 3
147.0 387.857 5
157.75 806.25 5
118.0 724.619 5
409.0 720.0 3
486.5 778.0 3
642.857 217.143 1
638.286 149.714 1
616.25 801.0 3
431.0 469.0 3
179.524 219.476 5
582.0 145.0 1
386.143 146.0 4
592.5 217.5 1
633.0 448.0 3
444.714 161.0 4
238.5 736.0 5
694.571 189.429 1
195.125 765.875 5
885.0 835.952 2
617.0 230.0 1
327.571 130.0 4
732.462 645.462 2
604.0 370.385 2
415.533 82.0 5
389.0 619.6 3
754.0 783.0 2
874.0 368.19 2
165.429 261.571 5
746.0 774.0 3
125.0 682.524 5
392.0 586.4 5
284.81 99.19 5
772.143 160.857 1
589.0 206.333 2
617.0 267.75 2
722.714 130.0 1
668.714 199.0 1
610.75 313.25 2
585.0 127.0 2
133.0 598.333 5
474.0 165.0 4
394.0 669.8 3
396.467 679.467 5
870.0 325.667 2
207.619 177.381 5
885.0 878.476 2
702.75 795.0 3
234.5 134.5 4
741.0 714.231 2
731.524 85.5238 2
447.0 400.267 5
340.0 183.0 4
790.0 110.0 1
298.286 120.286 4
454.067 121.067 5
838.0 834.0 2
644.538 473.538 2
720.429 183.0 1
811.5 143.0 1
599.0 336.0 2
779.0 114.0 1
873.0 495.762 2
137.0 556.238 5
368.625 714.0 5
666.429 143.0 1
371.0 191.0 4
369.0 72.0 5
143.0 472.048 5
325.25 709.0 5
455.0 353.733 5
716.0 611.0 3
599.0 246.0 2
247.0 139.0 4
436.2 446.8 5
804.571 155.571 2
433.0 223.0 4
876.0 453.238 2
281.875 717.0 5
694.571 137.0 1
741.667 719.667 3
130.375 849.625 5
222.0 130.0 4
659.5 800.0 3
627.0 439.154 2
453.857 439.143 3
585.0 166.667 2
158.0 303.667 5
689.0 73.0 2
581.5 169.5 1
402.0 207.0 4
876.0 410.714 2
664.923 507.923 2
412.0 726.0 5
885.0 793.429 2
465.0 223.5 4
614.0 404.769 2
867.0 892.0 2
573.0 800.0 3
309.0 171.0 4
129.0 640.429 5
884.0 750.905 2
716.0 611.077 2
660.333 502.333 3
392.0 569.4 3
864.143 283.143 2
683.308 542.308 2
462.0 307.2 5
746.286 173.0 1
465.0 167.6 5
462.0 243.0 4
586.0 194.0 1
110.0 808.81 5
750.857 123.143 1
603.143 427.0 3
115.0 893.0 5
513.571 422.0 3
468.0 260.667 5
470.5 184.5 4
483.714 426.0 3
745.0 748.615 2
151.0 345.762 5
