288.0 129.0 4
427.0 519.0 3
740.0 649.833 3
650.167 513.167 3
842.0 465.0 2
740.0 684.0 3
391.0 603.0 3
397.0 659.0 3
581.0 173.5 1
788.0 157.0 1
428.0 498.867 5
621.5 316.5 2
311.286 133.0 4
724.857 169.143 1
581.0 149.25 1
395.0 623.467 5
393.429 189.0 4
741.0 695.0 2
584.0 197.75 1
602.0 345.0 2
802.0 156.0 1
659.0 95.0 2
713.5 581.5 3
400.0 581.933 5
305.0 636.0 5
870.0 710.0 2
540.143 476.0 3
253.5 149.0 4
659.857 142.0 1
459.0 160.5 4
432.733 374.267 5
723.714 140.0 1
134.0 632.286 5
129.0 668.714 5
346.0 650.0 5
451.0 142.0 4
133.0 737.0 5
813.0 714.0 2
651.143 186.0 1
702.429 141.0 1
780.0 128.0 1
568.0 265.0 2
568.5 721.0 3
666.462 533.462 2
525.375 719.0 3
326.143 104.0 5
206.0 231.571 5
654.75 717.25 3
789.0 701.0 2
440.533 89.0 5
223.0 635.0 5
119.0 741.571 5
168.0 413.714 5
151.0 559.429 5
857.0 756.0 2
611.625 720.0 3
429.0 457.333 5
837.0 732.0 2
602.0 214.0 1
822.0 255.0 2
511.85699999999997 481.0 3
394.0 575.0 3
621.667 97.0 2
482.25 710.25 3
681.143 142.0 1
392.0 631.0 3
596.5 266.5 2
467.0 208.133 5
411.6 540.4 5
182.0 657.0 5
596.714 472.0 3
460.0 249.667 5
439.125 695.0 3
342.857 179.0 4
175.0 340.857 5
838.0 395.0 2
483.571 489.0 3
267.0 153.0 4
399.0 82.0 5
608.0 398.846 2
829.0 290.0 2
289.714 128.0 5
694.0 106.0 2
745.0 136.0 1
404.429 144.0 4
240.0 145.0 4
387.0 665.0 5
443.0 212.0 4
596.0 134.0 1
700.286 178.0 1
222.0 195.143 5
560.0 190.333 2
469.0 125.067 5
362.571 89.0 5
357.857 141.0 4
447.0 332.733 5
644.538 506.538 2
765.0 695.0 2
161.0 486.571 5
622.0 288.0 2
425.0 415.8 5
743.0 668.077 2
774.0 159.0 1
854.0 640.0 2
729.0 125.0 2
368.143 184.0 4
841.0 430.0 2
404.0 547.0 3
675.714 182.286 1
253.286 158.714 5
292.286 163.0 4
264.0 629.0 5
182.0 304.429 5
170.0 377.286 5
732.231 614.231 2
568.429 473.571 3
833.0 325.0 2
762.5 132.5 1
455.286 501.714 3
846.0 605.0 2
164.0 450.143 5
274.5 126.0 4
687.385 560.385 2
381.143 144.0 4
617.286 141.0 1
193.0 268.0 5
638.571 143.0 1
735.667 615.667 3
710.308 587.308 2
697.875 710.0 3
749.429 164.0 1
875.0 745.0 2
157.0 523.0 5
792.0 185.0 2
611.0 425.769 2
458.0 180.0 4
456.0 199.5 4
122.0 778.0 5
427.714 142.0 4
143.0 595.857 5
334.571 137.0 4
584.333 116.667 2
261.0 121.0 4
418.714 196.714 4
873.0 780.0 2
626.571 194.0 1
454.0 291.2 5
680.333 547.333 3
123.0 705.143 5
562.0 227.667 2
618.0 452.692 2
841.0 500.0 2
836.0 360.0 2
472.0 166.6 5
811.0 220.0 2
764.0 150.0 2
625.0 479.0 3
147.0 696.0 5
862.0 675.0 2
317.571 172.0 4
629.0 479.615 2
842.0 570.0 2
741.0 641.154 2
564.0 153.0 2
839.0 535.0 2
604.0 371.923 2
