399.0 546.6 3
466.0 119.733 5
598.0 249.0 2
110.0 874.19 5
127.0 392.286 5
612.75 771.0 3
683.0 69.0 2
254.0 102.0 4
113.0 523.714 5
605.0 277.0 2
800.0 103.0 1
754.0 93.0 1
179.952 217.048 5
884.0 819.619 2
588.0 148.333 2
610.333 79.6666 2
378.571 176.571 4
398.286 194.286 4
163.0 260.857 5
104.0 655.143 5
478.25 736.0 3
155.75 832.25 5
678.571 122.429 1
909.0 482.095 2
681.538 687.538 2
722.167 760.0 2
106.0 611.333 5
891.333 313.333 2
680.0 659.333 3
505.286 485.286 3
293.5 87.0 4
358.857 163.857 4
907.0 439.905 2
469.0 164.6 5
846.762 186.762 2
105.0 830.381 5
619.0 507.0 3
728.857 105.0 1
571.0 168.25 1
339.143 151.143 4
110.0 567.524 5
798.5 792.5 2
416.857 138.857 4
393.8 623.8 3
390.0 585.2 3
392.0 568.4 5
545.5 759.5 3
101.0 742.762 5
673.0 590.846 2
723.429 140.571 1
589.0 112.0 2
511.875 751.0 3
590.571 492.571 3
444.625 719.0 3
767.381 109.381 2
749.714 127.286 1
809.571 145.571 2
901.0 608.667 2
267.0 109.0 4
603.143 148.0 1
394.286 125.286 4
680.0 655.308 2
830.667 827.667 2
575.0 204.75 1
192.625 789.375 5
894.0 693.048 2
304.0 93.0 4
326.571 102.571 4
903.0 397.714 2
608.0 429.692 2
659.833 533.833 3
562.143 487.0 3
405.4 662.4 3
437.0 388.933 5
429.333 478.667 5
725.19 81.0 2
140.0 348.476 5
850.0 865.833 2
321.25 738.75 5
677.0 617.5 3
428.867 84.0 5
601.0 305.0 2
644.571 179.0 1
466.0 254.333 5
703.714 115.286 1
908.0 524.286 2
760.333 773.0 2
571.0 186.5 1
364.125 723.875 5
384.0 76.0 5
890.0 735.238 2
146.0 304.667 5
448.429 491.0 3
680.0 743.0 3
604.0 365.231 2
469.0 209.467 5
340.19 81.0 5
104.0 698.952 5
646.667 69.0 2
673.0 575.667 3
628.286 141.0 1
774.0 82.0 1
123.0 436.095 5
407.0 703.0 5
280.0 117.0 4
443.0 344.067 5
252.571 138.429 5
439.429 145.0 4
905.0 566.476 2
131.875 875.125 5
579.125 766.0 3
439.5 212.5 4
319.429 138.429 4
593.0 216.0 1
764.0 88.0 1
776.0 115.0 1
460.0 299.2 5
278.375 748.0 5
404.0 658.133 5
465.5 172.5 4
349.143 111.0 4
678.0 623.077 2
618.286 198.714 1
460.0 195.0 4
296.381 100.0 5
670.857 168.0 1
788.0 109.0 1
594.0 333.0 2
420.0 508.0 3
652.385 526.385 2
235.5 766.0 5
118.0 918.0 5
887.0 777.429 2
283.0 81.0 4
877.0 861.81 2
684.0 752.0 2
588.0 221.0 2
683.0 719.769 2
408.0 523.533 5
533.714 487.0 3
697.143 155.0 1
462.0 150.0 4
432.2 433.8 5
653.429 132.0 1
666.0 558.615 2
476.857 485.0 3
861.0 904.0 2
882.143 271.143 2
100.0 786.571 5
116.095 479.905 5
868.0 228.952 2
615.923 461.923 2
371.714 117.0 4
299.714 128.0 4
632.154 494.154 2
578.0 150.0 1
898.0 355.524 2
417.0 212.0 4
646.375 764.0 3
587.0 184.667 2
209.762 173.238 5
682.0 701.167 3
411.0 701.0 3
899.0 650.857 2
390.267 613.267 5
605.0 397.462 2
