585.571 547.0 3
432.5 261.0 4
223.0 114.0 4
956.0 602.619 2
763.0 120.0 1
780.0 698.0 3
605.125 803.0 3
779.308 675.308 2
938.333 722.333 2
388.429 557.0 3
437.0 228.333 5
546.143 547.0 3
414.25 830.0 3
685.0 168.0 1
270.0 99.0 4
294.571 172.571 4
354.0 163.0 4
653.833 566.0 3
306.0 128.0 4
72.25 771.75 5
295.333 701.667 5
589.0 174.5 2
624.0 426.692 2
870.667 701.0 2
715.286 202.714 1
298.0 679.8 3
477.875 826.0 3
972.167 748.167 2
686.714 217.0 1
966.0 638.095 2
774.952 131.0 2
818.0 128.0 1
836.833 694.0 2
258.0 89.0 4
56.8571 684.143 5
130.0 335.714 5
571.0 258.833 2
572.0 225.0 1
438.0 181.0 5
732.375 750.625 3
640.154 545.154 2
628.0 333.0 2
43.0 804.875 5
373.429 219.0 4
216.857 145.143 5
232.5 122.0 4
987.0 709.048 2
100.714 529.286 5
629.571 243.429 1
932.0 496.19 2
738.333 640.333 3
333.0 92.0 5
292.0 715.4 3
568.0 301.0 2
31.0 761.571 5
179.143 180.857 5
407.667 370.333 5
380.333 101.0 5
976.0 673.571 2
772.429 167.571 1
433.0 275.667 5
140.5 737.0 5
743.857 186.143 1
143.0 258.286 5
350.625 806.625 3
454.0 245.0 4
107.0 490.571 5
635.0 368.0 2
661.833 110.0 2
627.0 450.385 2
658.143 230.0 1
320.857 189.0 4
174.625 733.0 5
19.0 839.0 5
575.0 244.0 1
883.0 247.857 2
282.0 109.0 4
294.286 101.714 5
327.0 608.6 3
422.667 133.667 5
347.143 203.143 4
368.0 465.0 5
378.0 174.0 4
349.0 573.0 3
586.0 261.0 1
122.0 413.143 5
908.762 389.762 2
870.0 212.381 2
255.57100000000003 120.0 5
467.286 547.0 3
399.714 233.0 4
890.333 283.333 2
803.0 698.0 2
541.5 816.5 3
633.0 195.0 1
43.0 722.857 5
661.846 568.846 2
67.0 645.429 5
579.0 216.667 2
801.0 144.0 1
709.231 612.231 2
625.0 403.0 2
619.667 132.333 2
402.0 185.0 4
739.476 118.476 2
810.429 152.429 2
774.0 111.0 1
809.5 136.0 1
630.0 474.077 2
506.714 547.0 3
634.0 521.462 2
607.0 204.0 1
632.0 497.769 2
603.0 305.0 2
461.0 221.5 4
659.0 182.0 1
939.0 531.667 2
903.0 354.286 2
135.0 297.0 5
605.0 262.0 1
450.0 198.0 4
359.667 512.333 5
731.923 635.923 2
330.0 145.0 4
996.0 744.524 2
685.538 590.538 2
668.75 778.0 3
106.375 749.625 5
387.0 417.667 5
904.5 707.0 2
307.0 654.333 5
124.0 374.429 5
737.0 137.0 1
1006.0 780.0 2
916.238 425.238 2
115.0 451.857 5
947.0 567.143 2
924.714 460.714 2
897.0 318.81 2
268.286 151.286 4
625.0 548.0 3
426.0 194.0 4
158.0 219.571 5
711.0 611.5 3
349.0 559.667 5
682.667 587.0 3
288.0 751.0 3
208.75 735.75 5
704.0 110.0 2
242.875 741.875 5
242.0 130.0 4
711.0 152.0 1
328.0 607.0 5
581.0 206.0 1
755.615 655.615 2
23.0 800.286 5
88.0 568.0 5
785.0 102.0 1
76.2857 606.714 5
409.0 258.0 4
845.905 178.0 2
763.167 669.167 3
426.0 323.0 5
277.0 749.0 5
427.857 550.0 3
308.0 644.2 3
