598.143 162.857 1
815.0 152.048 2
613.571 80.0 1
463.571 409.429 3
634.538 352.538 2
606.5 247.5 2
60.0 675.857 5
709.857 83.0 1
804.0 608.333 3
382.0 595.6 5
379.286 138.0 4
307.714 89.0 5
880.0 437.381 2
686.714 96.2857 1
743.524 81.5238 2
736.0 510.231 2
575.0 173.0 1
892.0 518.905 2
886.0 478.143 2
282.0 632.0 5
129.0 440.143 5
378.0 635.0 5
300.5 78.0 4
450.0 201.6 5
596.714 85.0 1
371.143 99.0 4
388.0 516.8 5
635.0 403.0 3
357.429 131.0 4
384.0 556.2 5
251.5 103.0 4
138.0 693.0 5
820.0 636.385 2
619.286 139.714 1
831.0 663.167 3
837.0 667.923 2
131.0 400.857 5
268.429 104.571 5
335.571 126.571 4
450.0 241.0 5
138.0 322.286 5
389.0 510.8 3
151.0 243.714 5
733.0 72.0 1
664.143 61.0 1
872.0 396.619 2
492.143 396.0 3
900.0 559.667 2
939.952 681.952 2
758.0 62.0 1
712.0 478.692 2
563.0 131.0 1
950.0 722.714 2
702.762 61.0 2
186.0 657.0 5
828.0 192.81 2
41.0 754.429 5
864.0 355.857 2
784.286 114.0 2
435.875 661.0 3
630.429 75.5714 1
549.286 388.286 3
277.0 71.0 4
955.0 763.476 2
423.0 147.0 4
652.077 384.077 2
443.0 280.4 5
403.0 477.4 5
888.833 741.0 2
640.429 118.0 1
925.0 641.19 2
347.0 81.0 5
70.0 785.0 5
782.0 573.308 2
618.0 321.0 2
413.0 398.6 5
947.167 823.167 2
620.0 296.5 2
425.0 134.0 4
143.0 283.0 5
580.0 156.667 2
858.0 315.095 2
387.0 550.2 3
606.429 396.0 3
233.0 98.0 4
385.0 589.6 3
339.714 90.0 4
418.286 105.0 4
434.0 109.0 4
910.0 600.429 2
416.0 359.2 5
745.5 67.0 1
423.0 160.0 4
580.0 119.0 2
662.0 50.0 2
681.0 54.0 1
792.0 706.0 3
910.667 757.667 2
234.0 634.0 5
520.714 389.0 3
486.75 685.75 3
852.462 699.462 2
582.0 232.0 2
849.333 274.333 2
385.0 629.0 3
134.0 361.571 5
68.4286 636.571 5
564.0 153.5 1
663.571 106.429 1
577.857 389.0 3
588.5 717.0 3
427.0 319.8 5
759.769 541.769 2
741.125 717.875 3
955.0 845.0 2
563.0 88.0 1
617.0 272.0 2
939.333 801.333 2
588.0 81.3334 2
727.667 498.667 3
699.5 47.0 1
690.25 723.0 3
386.857 101.0 4
929.0 779.5 2
189.857 165.143 5
411.0 438.0 5
839.0 233.571 2
687.833 443.833 3
579.0 194.333 2
401.143 147.143 4
802.846 604.846 2
957.0 804.238 2
431.0 121.0 4
291.857 114.0 4
313.714 121.0 4
355.429 95.0 4
117.571 479.429 5
330.0 635.0 5
624.333 58.0 2
718.0 40.0 1
768.0 553.5 3
667.615 415.615 2
443.2 162.2 5
867.0 731.0 2
579.857 87.0 1
386.4 90.4 5
691.154 447.154 2
556.0 108.5 1
41.0 833.0 5
423.8 122.8 5
94.0 558.0 5
435.0 432.0 3
647.286 65.0 1
106.0 518.714 5
81.7143 597.286 5
537.625 704.0 3
402.571 102.0 4
36.0 793.714 5
162.0 204.429 5
408.0 471.4 3
639.375 723.0 3
324.0 85.0 4
229.143 129.0 5
270.0 108.0 4
51.0 715.143 5
95.0 737.0 5
