275.714 136.0 4
594.0 213.0 1
809.0 192.762 2
246.429 119.571 5
322.476 60.0 5
791.0 828.0 2
583.25 230.25 2
662.385 538.385 2
698.571 124.429 1
590.0 137.0 1
414.0 444.0 5
684.615 575.615 2
411.333 65.3334 5
605.25 800.0 3
247.0 122.0 4
747.667 804.0 2
752.381 115.381 2
848.0 728.238 2
737.0 672.667 3
576.0 156.75 1
440.0 105.667 5
414.0 492.333 5
576.0 315.0 2
819.952 233.952 2
419.286 172.0 4
343.714 121.0 4
181.0 443.762 5
420.429 136.0 4
769.0 95.0 1
255.5 90.5 4
788.0 120.0 1
839.0 851.81 2
594.0 285.75 2
726.0 786.0 3
161.0 646.381 5
418.0 497.0 3
674.333 559.333 3
423.0 395.667 5
819.0 481.095 2
434.0 299.0 5
821.333 316.333 2
564.857 441.0 3
831.0 604.667 2
281.952 80.0476 5
831.0 893.0 2
397.0 589.0 5
198.0 281.667 5
611.714 143.0 1
188.0 362.714 5
579.0 426.692 2
448.0 184.0 4
636.667 502.667 3
743.0 761.769 2
363.0 55.0 5
557.0 188.0 2
371.75 729.0 5
778.0 125.0 1
235.5 117.0 4
449.0 170.25 4
749.0 724.538 2
755.5 101.5 1
726.0 799.0 2
165.0 808.476 5
444.25 760.25 3
446.0 130.0 4
565.0 794.0 3
244.0 86.0 4
711.19 90.1905 2
745.0 687.308 2
743.0 140.0 1
825.0 563.476 2
343.5 727.0 5
524.75 787.0 3
554.0 220.0 2
846.0 769.429 2
839.0 645.857 2
821.0 357.524 2
820.0 275.143 2
819.0 439.905 2
464.286 461.714 3
315.25 733.75 5
843.0 810.619 2
203.0 241.143 5
390.571 167.0 4
606.0 96.0 2
166.0 605.857 5
400.0 734.0 5
287.0 750.0 5
304.429 148.0 4
231.5 792.5 5
643.0 181.0 1
258.75 769.25 5
693.0 161.0 1
170.0 565.333 5
192.0 322.19 5
207.0 200.619 5
292.571 105.571 4
489.429 453.0 3
742.0 108.0 1
676.857 131.0 1
318.143 114.143 4
768.0 131.0 1
578.0 198.25 1
439.143 473.0 3
574.0 177.5 1
645.5 804.0 3
576.0 352.231 2
670.0 79.0 2
450.0 156.5 4
439.0 202.333 5
590.0 446.0 3
514.571 447.0 3
668.0 170.0 1
565.0 156.0 2
845.0 687.048 2
440.0 154.0 5
221.0 160.095 5
743.667 729.333 3
453.0 142.75 4
600.5 256.5 2
404.0 732.0 3
369.286 125.286 4
406.0 540.667 5
619.0 201.0 1
638.0 82.0 2
720.286 116.0 1
333.143 157.0 4
175.0 524.81 5
185.0 403.238 5
710.0 616.0 3
769.333 812.333 2
635.154 501.154 2
154.0 727.429 5
157.0 767.952 5
179.0 484.286 5
396.0 591.0 3
395.0 685.0 3
395.0 637.333 5
655.143 136.0 1
580.0 124.0 2
393.0 638.0 3
807.0 849.667 2
157.0 686.905 5
181.0 849.0 5
578.0 389.462 2
429.0 347.333 5
706.846 612.846 2
395.667 685.667 5
685.75 801.0 3
539.714 442.0 3
405.0 544.0 3
484.5 776.0 3
267.0 95.0 4
821.0 522.286 2
206.25 820.75 5
633.429 140.0 1
820.0 398.714 2
818.0 871.333 2
718.0 151.0 1
604.923 463.923 2
224.0 112.0 4
361.857 161.0 4
438.0 250.667 5
394.857 132.0 4
787.571 151.571 2
728.077 650.077 2
