561.0 146.25 1
350.857 170.0 4
461.667 169.667 5
668.714 116.0 1
107.0 830.0 5
148.0 440.0 5
489.429 467.571 3
624.0 317.5 2
758.5 122.5 1
577.75 192.0 1
935.0 716.429 2
432.333 124.333 5
351.0 118.0 4
648.571 120.0 1
177.0 310.0 5
258.5 802.5 5
410.0 679.333 5
370.143 173.0 4
628.333 96.0 2
108.0 873.333 5
139.125 915.875 5
682.667 585.667 3
136.0 526.667 5
331.571 164.0 4
902.0 445.857 2
835.5 877.0 2
603.25 284.25 2
570.0 227.333 2
608.286 128.0 1
918.0 581.143 2
688.857 111.143 1
390.875 771.0 5
126.0 700.0 5
588.143 127.143 1
564.0 169.5 1
620.857 183.143 1
134.0 570.0 5
293.0 145.0 4
154.333 396.667 5
406.0 606.0 3
723.0 813.0 3
944.0 806.619 2
406.0 633.0 5
441.25 199.75 4
470.0 216.0 5
869.667 912.667 2
709.0 105.0 1
685.625 826.0 3
711.095 109.0 2
625.0 417.077 2
425.0 540.333 5
437.571 149.0 4
739.692 681.692 2
723.5 99.5 1
452.0 355.0 5
619.0 384.0 2
305.0 109.0 4
700.0 615.538 2
797.286 175.286 2
515.143 462.0 3
214.375 830.0 5
417.667 725.667 5
910.0 490.952 2
610.875 828.0 3
170.25 871.75 5
419.0 554.0 3
916.0 536.048 2
798.333 855.333 2
570.0 265.0 2
857.0 265.476 2
448.0 401.333 5
111.0 916.667 5
628.0 483.231 2
740.077 780.923 2
746.0 699.333 3
666.0 95.0 2
408.714 193.0 4
725.143 140.0 1
749.0 714.769 2
427.0 211.0 4
922.0 626.238 2
704.286 150.714 1
448.0 184.5 4
884.0 355.667 2
931.0 941.905 2
679.0 582.462 2
940.0 761.524 2
220.0 223.333 5
648.25 831.0 3
659.385 549.385 2
389.429 182.0 4
116.0 743.333 5
601.0 203.0 1
408.714 141.0 4
573.0 152.0 2
746.0 128.0 1
498.75 799.75 3
443.0 447.667 5
438.0 494.0 5
771.0 117.0 1
424.0 762.0 3
140.667 483.333 5
414.0 710.0 3
409.0 586.667 5
573.5 822.0 3
945.0 851.714 2
365.429 120.0 4
346.75 769.0 5
618.0 472.0 3
461.375 782.0 3
872.0 310.571 2
568.0 123.0 1
435.0 772.0 5
132.0 613.333 5
592.667 114.333 2
912.0 987.0 2
406.0 658.0 3
423.143 144.0 4
942.0 896.81 2
833.381 220.381 2
640.0 516.308 2
738.0 94.0 1
120.0 960.0 5
718.0 642.5 3
724.0 814.0 2
893.0 400.762 2
130.0 656.667 5
302.625 786.0 5
169.0 353.333 5
761.167 836.0 2
540.857 459.143 3
683.429 159.0 1
312.286 155.0 4
280.0 140.0 4
625.0 450.154 2
328.0 113.0 4
386.0 109.0 5
750.0 747.846 2
109.0 786.667 5
192.333 266.667 5
394.286 129.286 4
469.0 262.333 5
722.0 648.615 2
895.0 949.833 2
379.857 123.857 4
267.0 135.0 4
592.286 465.0 3
342.667 120.333 5
256.0 180.0 5
930.0 671.333 2
299.333 140.667 5
570.0 189.667 2
438.0 502.0 3
649.0 528.833 3
641.714 170.0 1
628.429 124.0 1
566.571 458.0 3
662.571 164.0 1
451.75 169.25 4
536.125 813.125 3
746.0 756.167 3
626.0 350.75 2
462.0 308.667 5
452.0 155.0 4
463.714 481.0 3
756.19 134.19 2
