862.0 460.0 2
460.0 239.0 5
490.0 414.0 3
862.0 431.0 2
685.857 120.0 1
670.0 78.0 1
655.0 404.0 3
598.5 236.5 2
836.0 559.692 2
350.143 162.143 4
406.286 185.0 4
838.0 286.0 2
296.0 126.0 5
739.077 466.0 2
554.0 223.0 1
153.0 559.667 5
874.0 605.0 2
565.429 135.0 1
649.0 70.0 2
293.0 93.0 4
450.4 273.6 5
707.0 99.0 2
260.5 605.0 5
353.125 597.0 5
141.0 685.0 5
556.0 155.667 2
824.0 529.538 2
424.6 101.0 5
619.429 171.0 1
453.0 135.2 5
686.5 66.5 1
832.0 620.0 2
854.0 627.0 2
390.0 84.0 5
600.286 120.714 1
414.429 133.0 4
175.0 403.0 5
652.571 87.4286 1
406.2 522.8 3
452.0 175.5 4
706.0 99.0 1
387.571 175.571 4
846.667 624.667 2
442.75 193.25 4
736.0 116.0 2
229.625 614.375 5
418.4 469.6 3
392.0 576.0 3
740.0 466.0 3
397.0 549.4 3
323.0 104.0 4
424.0 446.6 5
523.0 410.0 3
446.75 628.0 3
782.5 494.0 3
141.0 622.333 5
157.0 528.333 5
359.571 116.0 4
558.25 668.0 3
167.875 654.125 5
553.0 187.833 2
443.0 308.2 5
212.667 246.333 5
844.0 315.0 2
822.0 228.0 2
536.0 178.5 1
429.0 377.4 5
597.286 188.714 1
396.143 128.0 4
678.0 85.0 2
617.714 109.0 1
548.0 134.0 1
612.0 314.154 2
868.667 631.667 2
648.615 402.615 2
465.0 204.4 5
227.0 215.0 5
455.0 156.75 4
424.0 443.0 3
831.0 257.0 2
611.25 260.25 2
564.5 123.5 2
204.0 277.667 5
697.5 438.5 3
451.0 139.0 4
663.714 135.286 1
141.0 653.667 5
839.0 570.5 3
368.857 169.0 4
862.0 489.0 2
824.0 528.0 3
161.0 497.0 5
553.0 220.0 2
327.333 103.667 5
764.0 141.0 2
271.0 121.0 4
635.143 98.0 1
627.0 374.462 2
589.0 403.0 3
196.0 309.0 5
864.0 547.0 2
291.375 603.0 5
312.714 146.0 4
861.0 518.0 2
244.333 183.667 5
732.0 76.0 1
436.0 342.8 5
424.0 200.0 4
464.0 169.8 5
165.333 465.667 5
859.0 402.0 2
641.571 151.429 1
861.333 629.333 2
170.0 434.333 5
146.0 591.0 5
188.0 340.333 5
198.75 631.0 5
669.75 662.25 3
384.0 585.0 5
265.0 152.333 5
539.0 156.25 1
582.857 130.143 1
415.0 481.2 5
576.75 225.0 2
341.286 110.0 4
678.769 425.769 2
616.0 344.308 2
294.0 135.0 4
308.0 99.0 4
850.0 344.0 2
842.0 589.846 2
703.0 57.0 1
839.333 622.333 2
616.833 74.0 2
769.231 485.231 2
584.667 93.3334 2
869.0 576.0 2
708.923 446.0 2
787.0 170.0 2
540.75 200.75 1
856.0 373.0 2
725.5 653.0 3
799.385 508.385 2
400.0 550.4 5
622.0 401.0 3
358.667 90.3333 5
614.0 667.0 3
576.143 207.857 1
282.5 129.0 4
719.0 89.0 1
876.0 634.0 2
457.0 424.0 3
807.0 199.0 2
837.0 613.0 3
556.0 406.0 3
377.857 122.0 4
432.714 137.0 4
408.0 515.8 5
502.5 658.5 3
331.429 155.0 4
322.25 601.0 5
616.0 284.0 2
781.25 645.0 3
426.0 412.0 5
413.0 496.2 3
181.0 371.667 5
