310.905 61.0 5
935.0 410.333 2
399.286 217.0 4
121.0 370.857 5
633.0 421.923 2
322.8 546.2 3
341.0 692.0 3
415.267 337.733 5
376.0 449.0 3
636.0 471.0 3
138.333 288.667 5
279.0 118.0 4
196.0 116.0 4
629.857 140.0 1
851.167 737.0 2
737.769 606.769 2
810.0 124.0 1
605.0 219.0 2
645.0 262.0 2
728.0 594.0 3
443.0 110.067 5
451.0 212.5 4
627.0 359.308 2
683.714 188.0 1
306.0 130.0 4
461.0 155.6 5
341.0 702.0 5
639.538 484.538 2
813.0 732.0 2
789.0 92.0 1
572.75 206.75 1
1009.0 876.0 2
369.571 206.0 4
360.0 145.0 4
450.75 750.0 3
228.714 126.286 5
314.0 594.8 3
968.0 622.0 2
164.0 710.0 5
55.25 819.75 5
222.0 84.0 4
599.0 150.667 2
889.333 748.0 2
947.0 495.0 2
837.0 105.0 1
743.571 112.429 1
669.0 512.846 2
152.429 247.571 5
635.231 453.231 2
64.0 617.429 5
927.5 771.0 2
715.286 174.0 1
387.0 149.0 4
615.375 756.0 3
770.0 676.0 3
598.857 446.857 3
778.429 143.571 1
614.667 82.3334 2
465.0 201.133 5
397.533 67.5333 5
772.0 101.0 1
564.0 164.25 1
914.667 325.667 2
680.0 64.0 2
953.0 537.333 2
208.25 695.0 5
565.5 185.5 1
250.714 151.714 4
716.0 575.462 2
192.619 165.381 5
171.0 206.476 5
668.0 512.0 3
823.5 113.5 1
991.0 706.667 2
904.0 283.333 2
339.857 193.0 4
941.0 452.667 2
925.0 368.0 2
645.833 62.0 2
893.0 241.0 2
106.0 453.048 5
119.75 733.0 5
395.875 734.875 3
619.0 328.0 2
357.0 497.6 3
573.0 143.0 1
208.5 125.5 4
377.0 428.8 5
414.0 150.0 4
979.0 664.333 2
686.714 131.0 1
442.0 292.2 5
1016.0 791.333 2
560.5 756.5 3
658.286 136.0 1
960.0 579.667 2
98.0 494.143 5
875.0 198.667 2
460.0 188.0 4
221.0 134.0 4
602.0 184.833 2
441.0 144.0 4
237.0 95.0 4
352.0 53.0 5
722.333 76.0 2
601.429 143.0 1
1004.0 749.0 2
25.0 822.905 5
487.429 440.0 3
847.0 156.333 2
366.0 474.333 5
42.381 699.619 5
324.0 643.4 3
764.667 96.6667 2
128.0 329.762 5
280.429 166.0 4
773.385 669.385 2
310.143 181.0 4
670.25 752.0 3
799.0 700.692 2
746.857 159.0 1
561.714 442.0 3
30.0 864.0 5
693.154 544.154 2
589.0 227.0 1
807.0 123.0 2
630.0 390.615 2
269.81 90.1905 5
459.0 163.5 4
524.571 440.0 3
757.0 638.077 2
333.0 138.0 4
317.0 610.933 5
33.2857 740.714 5
601.5 116.5 2
450.286 440.0 3
296.75 689.0 5
26.1905 781.81 5
458.0 246.667 5
652.143 201.0 1
806.0 80.0 1
80.5 775.5 5
636.0 229.0 2
111.0 411.952 5
413.143 444.0 3
1019.0 833.667 2
318.0 565.4 5
387.0 383.267 5
780.0 717.0 3
638.0 295.0 2
702.0 553.0 3
754.0 635.0 3
252.0 104.0 4
620.571 214.0 1
725.125 741.875 3
963.667 799.667 2
715.143 122.0 1
429.0 231.0 4
342.0 519.867 5
77.6667 576.333 5
88.7619 535.238 5
330.0 656.467 5
53.0 658.524 5
989.833 837.833 2
505.625 754.0 3
252.5 686.0 5
