705.429 102.0 1
761.81 48.8095 2
493.0 343.4 5
793.0 830.0 2
424.2 647.8 5
454.0 185.0 4
647.0 449.0 3
832.0 819.077 2
712.5 832.0 3
847.0 778.154 2
844.0 696.308 2
967.714 548.714 2
979.0 642.333 2
715.0 33.0 2
203.75 884.25 5
851.0 737.231 2
430.0 599.2 3
143.0 687.0 5
449.0 543.6 3
294.714 179.0 4
165.0 324.333 5
463.0 173.0 4
494.0 191.2 5
617.0 449.0 3
670.0 302.5 2
919.0 267.857 2
782.0 583.0 3
903.5 862.5 2
587.0 449.0 3
803.462 614.462 2
464.0 158.0 4
629.333 70.6666 2
155.0 959.0 5
644.5 257.0 2
315.875 803.125 5
683.857 157.0 1
758.75 830.0 3
826.385 655.385 2
573.75 828.0 3
846.0 714.0 3
429.0 749.267 5
619.0 254.0 2
426.0 654.8 3
619.0 116.5 2
609.25 118.75 1
300.333 108.667 5
499.0 292.667 5
391.0 71.0 5
821.5 648.5 3
997.0 782.762 2
905.0 221.048 2
497.0 467.0 3
783.857 93.0 1
868.0 106.0 1
781.143 132.0 1
938.333 896.333 2
125.0 868.333 5
605.0 139.5 1
427.0 710.4 3
989.0 923.19 2
942.0 361.476 2
231.0 131.0 4
146.0 460.333 5
808.619 87.619 2
428.0 800.0 5
557.0 453.0 3
997.0 876.381 2
882.238 174.238 2
209.0 161.0 4
176.0 279.0 5
527.5 820.0 3
614.0 162.333 2
960.0 933.167 2
435.0 766.0 3
345.667 84.3333 5
397.571 126.429 4
826.0 82.0 1
231.0 168.0 4
217.0 188.333 5
262.857 174.0 4
424.286 121.0 4
684.769 450.769 2
134.0 777.667 5
748.714 140.0 1
194.0 233.667 5
278.5 822.0 5
666.25 832.0 3
483.867 394.133 5
619.0 181.0 1
866.667 843.0 2
679.286 103.0 1
498.0 241.933 5
370.857 132.0 4
390.625 803.0 5
147.667 505.667 5
462.0 143.0 4
390.286 181.0 4
353.25 796.25 5
426.0 698.533 5
931.0 314.667 2
612.0 208.167 2
150.0 415.0 5
241.125 849.875 5
845.0 779.5 3
422.143 179.0 4
677.0 452.0 3
810.0 86.0 1
290.714 137.714 4
527.0 457.0 3
344.143 135.0 4
846.0 115.0 1
673.0 368.923 2
255.0 143.0 5
716.286 150.0 1
451.0 128.0 4
731.571 100.0 1
137.0 913.667 5
447.667 546.333 5
468.0 488.0 3
627.0 102.0 1
1000.0 829.571 2
740.615 532.615 2
854.429 127.429 2
441.733 92.0 5
725.0 517.5 3
123.0 823.0 5
247.5 133.0 4
959.0 455.095 2
757.714 96.2857 1
974.524 595.524 2
147.0 551.0 5
962.0 501.905 2
431.0 597.067 5
669.167 42.0 2
670.0 328.0 2
975.0 970.0 2
145.0 641.667 5
264.0 135.0 4
857.0 110.0 1
620.0 831.0 3
220.0 164.0 4
358.429 183.0 4
986.0 689.143 2
326.571 182.0 4
665.0 277.0 2
475.0 444.867 5
157.0 369.667 5
805.0 828.0 3
140.0 732.333 5
653.143 103.0 1
175.375 921.625 5
813.571 124.0 1
651.429 170.571 1
707.692 491.692 2
317.429 137.0 4
146.0 596.333 5
842.0 78.0 1
676.0 409.846 2
482.467 140.467 5
481.25 807.0 3
608.0 160.25 1
829.833 836.0 2
775.538 573.538 2
951.0 408.286 2
991.952 735.952 2
465.0 495.6 5
