713.0 160.0 1
422.0 256.0 4
729.0 638.846 2
489.714 483.0 3
362.0 135.0 5
112.0 510.286 5
273.25 759.0 5
776.0 746.0 3
677.952 141.0 2
775.0 252.381 2
238.875 769.0 5
536.0 216.0 1
128.0 394.571 5
174.0 240.286 5
401.0 174.0 5
253.429 205.0 4
612.0 491.0 3
702.0 166.0 1
894.0 844.524 2
398.0 497.0 3
638.476 111.0 2
221.0 157.0 4
788.857 291.857 2
422.0 262.0 5
279.429 139.0 5
407.0 438.0 5
373.714 194.0 4
400.0 482.0 5
298.286 178.0 4
840.0 489.238 2
716.0 818.0 3
83.0 857.429 5
712.0 605.615 2
241.857 164.143 5
815.0 370.81 2
88.0 780.286 5
273.143 173.0 4
335.714 238.714 4
103.0 861.625 5
804.0 331.333 2
341.0 702.0 5
535.0 196.5 1
805.833 809.833 2
700.0 127.0 1
676.0 137.0 1
407.0 394.0 5
358.0 614.0 5
374.0 570.0 5
550.857 479.0 3
545.0 177.0 1
636.857 202.0 1
619.857 158.143 1
108.0 703.143 5
105.0 587.429 5
211.5 188.0 4
865.0 647.143 2
592.0 441.462 2
456.0 813.0 3
415.0 350.0 5
342.0 746.0 5
428.571 489.0 3
398.857 197.0 4
136.0 356.0 5
308.286 229.0 4
571.714 244.0 1
657.154 541.154 2
344.0 658.0 5
378.4 545.6 3
417.0 218.0 5
850.0 568.19 2
582.429 169.0 1
877.167 869.167 2
421.0 306.0 5
564.0 349.5 2
563.167 103.833 2
788.0 805.0 2
365.0 594.2 3
404.0 783.0 3
627.923 507.923 2
612.0 833.0 3
823.667 818.667 2
577.0 408.231 2
606.0 474.692 2
857.0 607.667 2
100.286 741.714 5
426.0 237.0 4
705.0 593.0 3
108.0 664.571 5
542.0 235.5 1
554.0 375.0 2
680.286 179.714 1
123.0 433.143 5
318.0 127.0 5
690.385 572.385 2
520.286 480.0 3
105.0 626.0 5
84.0 818.857 5
658.571 190.429 1
234.5 160.0 4
86.0 896.0 5
459.143 486.0 3
877.0 726.095 2
342.0 691.4 3
204.5 783.5 5
323.429 185.0 4
118.0 471.714 5
601.143 164.0 1
560.0 831.0 3
664.0 828.0 3
307.625 752.375 5
147.0 317.429 5
759.0 695.0 3
226.0 193.0 4
638.571 152.429 1
280.857 217.857 4
528.0 201.333 2
565.0 324.0 2
108.0 548.857 5
761.0 705.308 2
895.0 884.0 2
197.0 183.0 4
768.0 797.0 3
833.0 449.762 2
775.0 738.538 2
248.0 164.0 4
532.0 237.167 2
871.0 686.619 2
748.0 212.905 2
418.0 275.0 4
348.571 190.0 4
717.429 174.429 2
428.0 218.0 4
352.0 740.0 3
532.0 129.667 2
581.429 484.0 3
207.286 202.714 5
825.0 410.286 2
424.0 200.0 4
599.0 98.0 2
170.125 801.875 5
844.0 528.714 2
859.333 852.333 2
733.0 644.0 3
557.0 298.5 2
615.143 214.857 1
155.143 278.857 5
724.0 154.0 1
527.0 165.5 2
786.0 771.769 2
537.0 273.0 2
688.0 132.0 1
841.5 834.5 2
508.0 825.0 3
883.571 765.571 2
550.0 255.0 1
135.75 830.25 5
363.143 249.143 4
348.2 642.8 3
890.0 805.048 2
593.429 227.0 1
563.714 172.286 1
659.0 542.0 3
746.0 672.077 2
390.571 263.0 4
384.0 526.0 5
657.286 145.714 1
