678.0 147.0 2
622.25 331.25 2
849.0 328.667 2
600.429 200.0 1
651.286 196.0 1
725.769 597.769 2
384.0 243.0 4
727.571 177.0 1
752.5 618.5 3
451.714 535.0 3
64.0 819.619 5
574.571 514.0 3
798.0 183.0 1
428.0 198.933 5
304.75 695.75 5
418.0 554.133 5
430.0 475.2 5
280.238 174.762 5
788.0 188.0 1
513.143 518.857 3
778.0 193.0 1
113.0 557.952 5
205.476 222.524 5
410.0 251.0 4
260.0 159.0 4
588.0 316.0 2
402.0 619.2 3
149.952 371.048 5
813.0 225.524 2
625.857 200.0 1
753.0 169.0 1
639.0 434.0 2
614.5 810.0 3
579.0 203.5 2
935.0 775.619 2
575.0 200.0 1
567.0 231.0 1
834.462 717.462 2
676.714 190.0 1
634.0 459.538 2
211.5 707.0 5
818.167 696.167 3
712.381 155.381 2
378.429 198.0 4
841.286 294.286 2
398.0 712.0 5
423.0 514.667 5
450.0 246.0 4
332.0 226.0 4
773.846 644.846 2
332.714 188.714 4
885.0 534.952 2
162.0 296.286 5
603.0 168.0 2
80.0 744.857 5
237.0 186.0 4
395.0 714.0 3
900.0 603.714 2
916.0 672.476 2
672.375 809.0 3
820.0 691.923 2
123.0 520.571 5
893.0 569.333 2
865.0 431.81 2
649.154 536.154 2
351.375 714.0 5
931.0 741.238 2
447.0 204.0 4
355.571 194.0 4
797.385 669.0 2
220.0 176.0 4
780.0 154.0 1
689.714 224.286 1
358.0 234.0 4
632.0 485.077 2
107.0 595.333 5
393.0 682.4 3
674.692 557.692 2
130.0 483.19 5
164.875 726.0 5
854.0 363.048 2
905.333 773.333 2
421.0 556.0 3
452.0 317.333 5
748.571 207.429 1
442.4 238.4 5
273.5 166.5 4
730.25 801.0 3
394.467 170.0 5
355.0 160.0 5
398.0 633.067 5
254.0 194.0 4
93.0 810.375 5
280.0 207.0 4
859.0 397.429 2
700.231 578.231 2
634.615 510.615 2
925.0 706.857 2
446.0 356.8 5
154.0 333.667 5
144.0 408.429 5
719.143 218.0 1
317.619 166.0 5
939.0 810.0 2
66.7619 782.238 5
401.286 201.0 4
907.0 638.095 2
258.125 694.875 5
830.0 259.905 2
601.429 246.571 1
450.0 277.867 5
660.286 231.0 1
713.667 584.0 3
482.429 522.0 3
137.19 445.81 5
887.5 757.5 2
439.733 396.267 5
830.0 735.0 3
62.0 857.0 5
424.143 202.0 4
287.0 174.0 4
242.857 193.143 5
412.0 587.6 3
578.0 241.0 2
766.5 161.0 1
630.857 237.0 1
306.0 217.0 4
543.857 516.0 3
781.143 196.0 2
457.0 216.0 4
395.2 650.8 3
786.333 657.333 3
177.0 258.905 5
788.125 778.875 3
436.0 256.0 4
920.167 792.167 2
645.0 365.5 2
436.0 435.733 5
651.0 399.75 2
440.875 769.875 3
605.286 516.286 3
89.0 707.476 5
97.0 670.095 5
572.0 262.0 1
746.762 175.0 2
849.833 744.0 2
566.0 215.5 1
831.0 743.0 2
674.833 553.833 3
309.857 182.0 4
640.5 153.0 2
120.25 763.75 5
566.0 246.5 1
103.0 632.714 5
871.0 466.19 2
395.0 672.533 5
751.0 619.308 2
868.667 748.0 2
410.0 593.6 5
581.0 278.5 2
457.0 231.0 4
498.75 798.75 3
877.0 500.571 2
702.143 184.857 1
636.0 520.0 3
556.625 808.0 3
