175.0 204.238 5
201.571 160.429 5
377.533 81.5333 5
735.286 114.286 2
233.875 789.0 5
423.8 337.2 5
934.0 543.714 2
545.333 184.667 2
649.0 380.846 2
205.0 134.0 4
647.833 575.833 3
570.0 196.0 1
96.0 554.714 5
400.0 175.0 4
813.571 190.571 2
238.0 116.619 5
778.429 146.429 2
550.0 144.5 2
553.0 265.0 2
154.0 248.048 5
241.429 147.0 4
374.0 599.867 5
325.0 69.0 5
717.5 667.5 3
118.524 379.476 5
361.0 757.2 3
902.0 833.0 2
858.0 278.857 2
574.714 520.0 3
281.19 84.8095 5
739.462 703.462 2
103.0 510.905 5
403.0 155.5 4
414.067 127.06700000000001 5
566.667 104.333 2
402.0 137.0 4
275.143 103.0 4
659.0 416.692 2
678.0 854.0 3
40.0 773.762 5
510.143 518.0 3
242.0 96.0 4
36.0 905.19 5
767.0 775.154 2
230.0 93.0 4
359.714 131.0 4
254.0 99.0 4
477.857 521.0 3
672.0 595.923 2
610.857 162.143 1
989.0 896.857 2
664.0 452.538 2
940.667 861.667 2
740.0 87.0 1
263.857 156.857 4
729.0 844.0 3
608.5 287.5 2
363.0 757.467 5
349.571 203.0 4
547.0 117.0 1
631.286 146.714 1
565.571 117.0 1
584.143 111.857 1
989.0 764.429 2
602.714 104.0 1
684.0 621.667 3
672.143 125.857 1
317.429 116.0 4
474.0 854.0 3
127.333 335.667 5
692.571 114.429 1
546.0 224.833 2
109.0 467.095 5
651.714 136.0 1
384.0 547.333 5
39.0 861.381 5
713.0 102.0 1
581.75 268.0 2
537.0 159.5 1
308.714 176.0 4
872.0 323.0 2
90.0 598.524 5
549.75 180.75 1
359.0 655.6 3
756.308 739.308 2
113.0 423.286 5
328.625 801.0 5
994.0 808.571 2
908.0 455.429 2
838.714 234.714 2
338.571 123.0 4
362.0 652.4 5
358.0 704.933 5
431.0 284.667 5
783.0 811.0 2
372.0 808.0 3
967.333 901.333 2
372.0 206.0 4
331.143 187.0 4
191.0 130.0 4
434.0 232.133 5
542.429 516.0 3
692.0 68.0 1
286.286 166.286 4
380.857 134.0 4
576.0 860.0 3
961.0 632.0 2
423.0 839.0 3
691.143 92.1429 2
396.0 494.8 5
296.286 108.286 4
627.0 858.0 3
621.286 95.7143 1
391.0 194.5 4
668.0 488.385 2
707.0 60.0 1
445.571 525.0 3
407.0 442.267 5
647.0 81.0 2
36.0 949.0 5
691.769 631.769 2
776.0 805.0 3
376.0 810.0 5
186.5 793.0 5
525.0 861.0 3
53.0 729.952 5
745.0 713.333 3
983.0 720.286 2
716.615 667.615 2
762.0 759.167 3
413.286 532.714 3
921.0 499.571 2
886.143 367.143 2
281.25 793.25 5
417.0 389.733 5
677.0 75.0 1
672.0 560.077 2
658.429 83.0 1
219.0 139.0 4
62.375 901.625 5
356.0 706.4 3
822.667 811.0 2
431.0 179.6 5
38.0 817.571 5
983.0 941.0 2
91.75 854.25 5
135.0 291.857 5
371.2 604.8 3
641.0 345.0 2
607.0 530.0 3
590.429 179.571 1
973.143 676.143 2
897.0 411.286 2
381.0 554.0 3
68.8571 686.143 5
672.0 524.231 2
81.0 642.333 5
606.833 83.0 2
862.333 816.333 2
538.0 138.25 1
991.0 852.714 2
630.0 316.25 2
726.5 94.5 1
139.125 812.875 5
947.0 587.857 2
639.857 89.0 1
