612.0 221.0 1
581.0 219.0 1
261.0 159.0 4
890.0 731.286 2
870.333 968.333 2
409.714 292.0 4
439.0 315.0 4
471.0 252.25 4
841.0 192.0 1
384.0 777.2 3
811.5 157.5 1
388.0 813.0 3
348.25 807.0 5
639.0 509.769 2
646.0 471.846 2
294.81 141.0 5
106.0 890.619 5
338.0 127.0 5
134.0 588.286 5
850.143 233.143 2
469.0 231.0 4
424.0 634.0 3
155.0 285.952 5
697.0 861.0 3
653.0 396.0 2
736.0 821.667 3
145.0 329.143 5
131.0 415.524 5
804.0 914.0 2
728.0 731.0 3
634.0 547.692 2
589.0 208.0 2
589.0 283.0 2
700.0 866.0 2
767.0 182.0 1
108.0 804.238 5
175.238 242.762 5
734.923 851.077 2
731.286 127.286 2
351.143 257.0 4
671.0 640.333 3
321.857 240.0 4
135.0 372.333 5
622.0 299.0 2
443.0 225.2 5
581.0 242.5 1
619.75 873.0 3
907.0 867.143 2
350.143 200.0 4
574.0 587.0 3
426.0 568.667 5
387.067 137.067 5
875.429 278.429 2
542.5 868.0 3
798.0 165.0 1
503.875 861.0 3
743.0 776.333 3
707.0 699.385 2
459.0 294.75 4
426.625 834.0 3
893.0 550.143 2
882.0 640.714 2
903.0 821.857 2
613.0 133.0 2
910.0 912.429 2
705.0 204.0 1
595.0 170.5 2
405.0 669.8 3
892.714 323.714 2
309.5 803.0 5
263.286 203.286 4
897.0 776.571 2
454.0 610.0 3
379.857 209.0 4
700.667 685.667 3
647.0 330.0 2
587.0 245.5 2
908.0 957.714 2
320.429 190.0 4
270.75 809.0 5
234.0 182.0 4
406.2 666.8 5
387.0 814.0 5
654.0 363.0 2
449.0 323.333 5
674.0 211.0 1
386.0 764.933 5
584.0 266.0 1
209.429 199.571 5
628.714 290.286 1
248.0 151.0 4
134.0 938.25 5
448.0 274.267 5
427.0 470.533 5
648.5 116.5 2
424.0 519.6 5
465.25 851.0 3
736.0 194.0 1
117.0 977.0 5
643.0 218.0 1
206.0 166.0 4
132.0 545.095 5
884.0 686.0 2
389.0 741.4 3
131.0 674.667 5
694.143 259.857 1
650.0 433.923 2
838.667 934.667 2
428.133 176.133 5
634.0 595.0 3
380.429 273.429 4
896.0 459.571 2
232.0 831.0 5
544.0 588.0 3
106.0 847.429 5
816.857 187.857 2
115.0 761.048 5
484.0 597.0 3
251.619 165.381 5
514.0 591.0 3
658.375 872.0 3
897.0 1003.0 2
292.571 223.0 4
769.333 897.333 2
657.538 623.538 2
741.0 775.231 2
128.0 501.905 5
629.0 585.615 2
759.571 234.0 1
587.0 289.5 1
896.0 504.857 2
776.571 149.571 2
825.0 200.0 1
156.5 899.5 5
792.286 218.714 1
108.81 933.81 5
447.0 372.4 5
734.667 881.0 2
604.0 589.0 3
220.0 173.0 4
235.0 143.0 4
468.0 273.5 4
135.0 631.476 5
290.714 175.714 4
193.25 863.0 5
684.462 661.462 2
888.0 595.429 2
661.429 271.571 1
596.0 313.0 1
726.857 248.0 1
439.286 227.0 4
743.0 813.154 2
857.0 185.0 1
825.0 150.0 1
435.0 421.467 5
409.571 218.571 4
398.0 705.6 3
581.125 872.0 3
686.0 117.0 2
727.0 737.308 2
129.0 458.714 5
122.0 717.857 5
397.0 715.867 5
897.0 414.286 2
898.0 369.0 2
417.0 617.733 5
