124.0 645.333 5
731.429 128.0 1
320.625 796.0 5
629.571 92.0 1
244.952 99.048 5
810.5 839.0 2
764.231 768.769 2
581.0 77.0 1
926.0 861.952 2
336.0 92.0 4
129.952 872.952 5
282.0 94.0 4
643.846 467.846 2
902.0 588.81 2
132.0 417.714 5
128.0 599.81 5
445.0 507.333 5
454.0 147.0 4
786.0 711.0 3
554.0 229.0 2
444.0 772.0 5
892.0 497.762 2
430.0 613.2 5
205.25 881.75 5
480.75 793.0 3
402.875 773.0 5
424.0 640.2 3
363.0 92.0 4
161.0 964.0 5
888.0 452.238 2
525.429 486.571 3
144.0 918.476 5
884.0 361.19 2
926.0 816.429 2
390.0 91.0 4
784.0 123.0 1
620.0 392.615 2
625.231 430.231 2
554.571 476.429 3
696.077 543.077 2
444.0 88.0 4
135.0 372.19 5
614.0 275.0 2
231.0 117.0 4
876.667 315.667 2
829.0 179.095 2
723.692 580.692 2
751.0 94.0 1
594.0 238.0 2
925.0 907.476 2
566.0 115.0 2
512.5 808.0 3
612.857 471.0 3
132.0 508.762 5
653.857 95.0 1
652.571 139.0 1
700.524 64.5238 2
567.0 104.5 1
851.0 874.0 2
453.0 136.8 5
787.538 693.538 2
445.0 401.467 5
791.571 133.571 2
279.5 816.5 5
678.143 97.0 1
882.5 912.5 2
431.4 596.6 3
452.0 242.667 5
887.0 406.714 2
691.5 538.5 3
583.714 471.0 3
215.5 116.0 4
309.0 95.0 4
434.867 83.8667 5
433.0 727.4 3
605.286 84.2857 1
388.933 50.0 5
804.0 117.0 1
729.5 821.0 2
760.5 768.5 3
424.0 666.133 5
678.857 133.0 1
551.0 191.0 2
255.0 92.0 4
929.0 770.905 2
750.308 618.308 2
776.0 653.5 3
427.0 683.8 3
383.857 146.0 4
705.143 131.0 1
151.381 235.619 5
558.0 153.0 2
336.0 52.0 5
865.143 270.143 2
544.25 818.0 3
757.714 125.0 1
177.0 922.875 5
201.429 144.571 5
449.0 771.0 3
432.0 719.067 5
449.0 295.6 5
129.0 554.286 5
496.286 499.714 3
770.0 827.0 2
655.0 47.0 2
703.0 810.0 3
322.714 135.0 4
290.476 70.0 5
361.75 782.0 5
639.5 818.0 3
577.5 159.5 1
141.0 281.143 5
221.0 90.0 4
568.0 132.0 1
580.0 77.0 2
200.0 115.0 4
261.571 122.0 4
455.0 127.0 4
734.0 596.0 3
607.0 355.0 2
576.0 822.0 3
920.0 725.381 2
671.25 814.0 3
776.923 655.923 2
292.143 128.0 4
445.0 454.4 5
783.0 731.154 2
702.429 97.0 1
746.048 94.0 2
439.0 560.267 5
794.0 120.0 1
121.0 690.857 5
909.0 953.0 2
849.619 224.619 2
138.333 326.667 5
781.0 90.0 1
642.0 482.0 3
417.0 93.0 4
766.0 92.0 1
607.75 822.0 3
602.0 174.0 1
671.462 505.462 2
414.429 153.0 4
455.0 107.0 4
445.0 167.0 4
467.143 523.857 3
897.0 543.286 2
617.0 51.0 2
238.375 842.625 5
118.0 827.429 5
175.0 190.095 5
132.0 463.238 5
444.0 553.0 3
444.0 348.533 5
726.714 96.0 1
238.0 91.0 4
457.0 189.733 5
119.0 736.381 5
906.0 634.333 2
614.0 315.0 2
726.615 796.385 2
353.286 139.0 4
689.0 814.0 2
117.0 781.905 5
912.0 679.857 2
626.286 150.0 1
