312.0 155.0 4
554.143 406.0 3
251.476 225.524 5
952.857 797.143 2
215.0 410.048 5
418.0 85.0 5
937.0 597.857 2
633.667 79.3334 2
212.0 631.476 5
508.0 168.2 5
684.429 153.0 1
384.429 171.0 4
313.0 683.0 5
453.0 474.2 3
832.167 714.0 2
609.0 173.25 1
200.0 742.19 5
493.467 126.467 5
424.0 667.0 5
408.571 178.0 4
811.0 656.615 2
614.0 114.0 1
951.0 717.429 2
628.286 406.0 3
542.25 725.0 3
433.429 135.0 4
360.286 165.286 4
747.875 732.0 3
666.0 380.385 2
470.0 133.0 4
211.0 779.0 5
842.5 111.0 1
811.0 663.667 3
432.714 187.0 4
718.0 58.0 2
512.6 293.4 5
665.625 737.0 3
299.0 152.0 4
744.0 102.0 1
700.769 441.769 2
770.0 97.0 1
486.0 147.75 4
240.0 742.0 5
797.714 92.7143 2
615.0 205.833 2
666.0 116.0 1
488.0 183.25 4
220.0 336.238 5
427.0 543.8 5
803.286 124.0 1
926.0 478.286 2
620.0 121.5 2
195.0 779.095 5
757.857 72.8571 2
578.857 404.0 3
640.0 118.0 1
653.0 412.0 3
728.462 472.462 2
916.0 358.714 2
202.0 705.286 5
212.0 520.762 5
953.0 757.286 2
515.0 209.933 5
216.0 373.143 5
350.0 667.0 5
214.0 483.857 5
800.0 718.0 2
415.143 135.0 4
910.0 318.857 2
743.857 140.0 1
233.0 262.429 5
656.0 349.692 2
196.0 816.0 5
462.0 460.333 5
714.143 146.0 1
624.5 736.0 3
809.0 625.923 2
679.0 411.077 2
286.0 149.0 4
215.0 557.667 5
837.571 119.571 2
654.714 167.286 1
754.0 500.667 3
215.0 594.571 5
480.0 426.0 3
615.0 163.667 2
215.0 446.952 5
360.286 128.0 4
603.0 133.75 1
796.0 92.0 1
478.0 418.6 5
601.0 153.5 1
774.0 533.846 2
920.667 772.667 2
396.857 133.0 4
205.0 668.381 5
852.0 108.0 1
718.0 107.0 1
378.571 130.0 4
225.0 299.333 5
822.0 85.0 1
329.5 122.5 4
307.286 152.714 5
488.0 376.867 5
894.0 239.143 2
529.429 407.0 3
625.0 188.0 1
866.429 159.429 2
864.333 720.333 2
603.571 405.0 3
459.733 86.7333 5
933.0 558.0 2
344.19 120.81 5
929.0 518.143 2
276.0 710.0 5
387.0 663.0 5
489.5 165.5 4
692.0 111.0 1
381.095 101.0 5
481.0 201.0 4
789.0 718.0 3
675.833 57.0 2
944.0 837.0 2
342.0 125.0 4
460.0 667.0 3
336.143 160.143 4
800.0 595.231 2
504.714 410.0 3
451.714 134.0 4
883.0 199.286 2
787.0 555.0 3
833.0 114.0 1
707.333 447.333 3
616.0 248.0 2
902.0 279.0 2
645.0 280.0 2
435.933 502.067 5
505.867 335.133 5
429.0 585.533 5
515.0 251.667 5
942.0 637.714 2
773.571 133.0 1
428.0 522.4 3
438.0 618.8 3
275.381 188.619 5
807.0 687.308 2
501.125 704.125 3
706.75 736.0 3
428.0 570.6 3
806.333 609.333 3
932.0 804.833 2
924.0 438.429 2
635.5 262.5 2
947.571 677.571 2
791.0 564.538 2
642.0 319.0 2
583.375 734.0 3
649.5 299.5 2
896.5 741.5 2
461.0 669.0 5
317.0 120.0 4
753.154 503.154 2
921.0 398.571 2
442.0 627.267 5
809.0 89.0 1
456.857 196.857 4
