746.0 619.615 2
822.571 120.571 2
395.286 94.0 4
934.0 842.714 2
306.143 91.1429 4
217.0 80.0 4
142.0 182.476 5
89.0 813.81 5
790.0 78.0 1
439.0 128.0 4
410.0 580.2 5
581.0 315.0 2
127.429 227.571 5
749.0 749.167 3
545.0 98.5 2
160.0 104.0 4
659.714 124.0 1
651.143 83.0 1
167.75 826.25 5
97.0 858.905 5
909.0 409.429 2
947.0 794.571 2
755.0 657.692 2
593.714 90.0 1
107.0 317.762 5
387.286 159.0 4
778.0 53.0 1
431.0 327.2 5
435.0 150.0 4
842.667 823.667 2
564.0 809.0 3
814.0 69.0 1
116.0 272.667 5
679.857 79.0 1
252.429 123.0 4
747.5 635.5 3
398.0 686.4 3
430.0 124.8 5
286.143 129.143 4
78.0 498.143 5
630.231 429.231 2
762.0 733.846 2
864.0 216.857 2
891.0 908.667 2
790.0 48.0 1
697.0 521.833 3
353.571 146.571 4
917.0 457.571 2
338.0 19.0 5
879.0 265.0 2
413.0 558.6 3
140.0 865.125 5
766.0 57.0 1
730.0 578.667 3
737.286 65.7143 1
943.0 698.286 2
365.571 94.0 4
397.0 630.8 5
565.0 78.0 1
802.0 73.0 1
323.25 761.0 5
549.0 119.5 1
728.0 806.0 3
99.0 362.857 5
596.0 353.077 2
549.0 140.25 1
523.0 797.0 3
441.0 758.0 3
587.429 456.0 3
560.75 251.75 2
899.0 361.286 2
524.857 465.143 3
276.429 89.0 4
424.0 529.6 5
172.5 106.0 4
947.0 746.429 2
438.0 106.0 4
421.0 172.0 4
605.0 816.0 3
91.0 407.952 5
427.0 74.2 5
552.25 98.75 1
362.125 753.875 5
654.308 467.308 2
427.0 175.4 5
76.0 588.333 5
76.0 678.524 5
185.0 108.0 4
80.0 768.714 5
536.0 194.833 2
713.0 543.462 2
692.286 114.714 1
397.0 681.4 5
737.286 43.2857 2
689.143 17.1429 2
732.0 581.538 2
429.0 428.4 5
782.0 810.0 2
319.857 135.0 4
771.0 771.923 2
425.0 84.0 4
901.0 939.0 2
188.0 74.0 4
757.429 92.5714 1
493.571 474.0 3
759.0 695.769 2
883.333 878.333 2
870.0 848.0 2
168.619 137.381 5
202.5 78.0 4
847.714 168.714 2
556.143 459.0 3
562.0 155.0 1
687.0 817.0 3
592.833 13.0 2
936.0 602.0 2
622.429 86.0 1
431.0 516.0 3
284.375 766.0 5
650.0 465.0 3
431.0 377.8 5
537.333 146.667 2
462.286 487.714 3
247.81 54.0 5
756.0 692.333 3
74.0 723.619 5
923.0 890.857 2
577.5 271.5 2
400.0 729.0 3
724.857 105.0 1
121.0 904.0 5
927.0 505.714 2
84.0 453.048 5
940.0 650.143 2
429.0 276.6 5
429.0 479.0 5
218.714 115.714 4
202.714 93.2857 5
618.714 457.0 3
785.429 73.4286 2
245.5 782.5 5
482.0 782.0 3
292.905 28.0952 5
932.0 553.857 2
402.0 601.2 3
401.0 732.0 5
646.0 820.0 3
78.0 633.429 5
75.0 543.238 5
686.385 505.385 2
397.0 643.8 3
539.0 243.0 2
627.143 128.857 1
206.625 806.0 5
812.333 813.0 2
708.571 73.4286 1
557.667 50.3334 2
594.571 137.0 1
641.0 7.0 2
246.714 85.0 4
611.154 391.154 2
388.6 32.6 5
427.0 226.0 5
335.857 94.0 4
582.0 293.25 2
887.0 313.143 2
