652.154 341.154 2
273.714 69.0 5
465.0 456.6 5
777.5 59.5 1
587.5 670.0 3
530.143 399.0 3
634.0 675.0 3
643.0 225.0 2
710.714 73.2857 1
849.0 212.714 2
589.286 389.0 3
729.286 98.7143 1
541.0 663.0 3
457.0 136.5 4
355.571 115.571 4
658.0 41.0 2
781.538 489.538 2
752.462 461.462 2
792.0 56.0 1
808.0 79.0 1
843.0 624.667 3
236.571 98.4286 5
391.6 46.0 5
215.0 133.571 5
349.714 82.0 4
803.0 99.857 2
727.0 682.0 3
839.0 609.846 2
193.0 698.0 5
189.0 282.143 5
134.429 653.571 5
729.619 44.0 2
418.0 631.0 5
835.0 576.333 3
166.0 505.0 5
699.308 401.308 2
559.714 392.286 3
855.333 250.333 2
658.429 82.0 1
680.5 678.5 3
174.0 393.571 5
913.0 588.905 2
440.0 543.8 5
147.571 616.429 5
500.571 407.429 3
825.0 670.0 2
483.0 195.0 5
185.0 319.286 5
783.0 84.0 1
574.0 116.0 1
124.0 727.857 5
907.0 777.0 2
348.0 41.0 5
460.0 79.0 4
383.714 122.0 4
692.0 38.0 2
632.0 281.0 2
268.0 658.0 5
918.0 626.524 2
593.0 121.0 2
299.286 102.286 4
845.5 681.5 2
888.0 736.0 2
879.0 400.81 2
736.857 67.0 1
864.0 695.0 2
678.231 371.231 2
773.5 681.0 3
432.429 81.5714 4
837.0 639.923 2
467.0 413.0 5
868.0 325.571 2
198.0 207.857 5
163.0 542.143 5
446.0 504.4 3
723.385 431.385 2
809.0 528.0 3
440.0 152.0 4
380.5 641.0 5
640.0 311.077 2
904.286 551.286 2
157.0 579.286 5
322.143 79.0 4
767.238 67.2381 2
494.5 649.0 3
463.0 464.2 3
889.0 476.048 2
878.0 715.5 2
820.0 673.0 3
203.0 170.714 5
127.0 765.0 5
874.0 363.19 2
884.0 438.429 2
595.0 189.0 2
473.0 325.8 5
684.571 79.0 1
448.0 625.0 3
181.0 356.429 5
795.5 81.5 1
624.0 53.0 2
678.0 397.0 3
126.0 690.714 5
595.0 149.0 1
840.0 175.095 2
258.5 71.5 4
804.615 519.615 2
702.429 106.0 1
481.4 151.4 5
267.0 72.0 4
632.286 81.0 1
726.333 431.333 3
231.5 93.0 4
603.0 87.0 2
271.143 97.0 4
230.5 675.5 5
435.2 66.2 5
170.0 430.714 5
243.0 94.0 4
411.857 133.857 4
343.0 653.0 5
468.0 369.4 5
479.4 238.6 5
897.5 756.5 2
305.5 655.5 5
591.0 155.0 2
404.857 84.0 4
918.0 664.143 2
648.714 125.286 1
621.857 142.0 1
471.8 107.8 5
912.0 739.381 2
642.0 253.0 2
436.0 587.4 5
580.0 78.0 1
310.857 47.0 5
606.143 81.0 1
834.769 579.769 2
377.286 85.0 4
250.0 71.0 4
476.0 282.2 5
772.667 479.667 3
756.143 92.0 1
327.429 110.0 4
896.0 513.667 2
193.0 245.0 5
648.429 387.0 3
440.0 584.8 3
465.0 97.5 4
448.0 500.2 5
618.857 387.0 3
861.952 287.952 2
471.0 424.0 3
463.0 117.0 4
916.0 701.762 2
294.571 75.0 4
168.0 467.857 5
157.5 727.5 5
439.0 544.6 3
623.0 199.0 2
220.0 92.0 4
675.571 117.429 1
572.0 97.0 1
827.0 137.476 2
580.0 135.0 1
763.0 63.0 1
826.692 549.692 2
