380.4 645.6 3
227.5 687.0 5
486.267 169.267 5
781.615 567.615 2
375.0 145.0 4
560.429 489.0 3
364.0 730.0 5
717.154 527.154 2
379.762 115.238 5
635.857 493.0 3
788.143 157.0 1
496.5 241.5 4
158.143 458.857 5
650.0 251.0 2
765.571 222.0 1
381.267 643.733 5
513.0 298.667 5
513.0 194.0 4
390.286 218.0 4
634.0 211.0 1
972.0 534.667 2
684.143 264.0 1
764.286 165.714 1
467.0 184.0 4
483.667 514.333 5
939.0 369.429 2
138.0 561.571 5
366.0 734.0 3
367.714 207.0 4
472.25 258.0 4
285.0 159.0 4
932.381 336.381 2
511.25 812.0 3
448.0 262.0 4
706.25 333.75 2
322.571 182.0 4
819.857 197.0 1
535.286 491.0 3
685.25 264.25 2
329.875 703.0 5
345.524 130.0 5
91.0 767.0 5
490.0 189.0 4
839.143 171.143 2
511.75 217.25 4
861.0 173.0 1
410.0 600.6 5
646.0 146.0 2
698.923 497.923 2
971.0 734.0 2
961.5 727.0 2
884.375 767.0 3
952.0 720.0 2
847.0 182.0 1
633.0 236.0 1
868.333 622.0 3
435.429 239.429 4
447.533 557.467 5
510.0 255.53300000000002 5
977.0 567.714 2
270.0 148.0 4
910.538 657.0 2
738.429 234.571 1
214.333 287.667 5
689.692 465.692 2
398.0 157.0 4
999.5 756.5 2
122.0 664.286 5
940.0 687.769 2
951.0 435.524 2
132.19 595.81 5
179.0 390.381 5
980.0 600.762 2
909.286 270.286 2
764.667 559.0 3
740.429 175.0 1
875.0 165.0 1
311.0 110.0 4
412.857 227.0 4
716.571 182.0 1
812.0 146.0 1
331.5 122.0 4
645.0 186.0 1
510.143 499.0 3
828.0 138.0 1
444.8 557.2 3
806.095 140.095 2
149.0 493.095 5
990.0 749.0 2
352.0 132.0 4
945.0 402.476 2
712.833 526.833 3
493.0 471.2 5
865.19 204.19 2
169.381 424.619 5
987.81 633.81 2
585.571 489.0 3
947.0 715.0 3
414.0 107.0 5
660.5 814.0 3
773.048 116.0 2
1006.0 732.952 2
457.0 126.133 5
585.875 818.0 3
711.286 246.0 1
295.75 694.0 5
809.75 787.0 3
372.0 686.867 5
277.048 184.952 5
687.0 433.462 2
792.714 211.0 1
508.0 384.933 5
958.0 468.571 2
740.0 104.0 2
1009.0 766.0 2
193.375 689.0 5
408.6 601.4 3
125.125 737.0 5
249.81 219.19 5
965.0 501.619 2
311.286 154.714 5
995.0 666.857 2
300.0 168.0 4
813.846 586.846 2
159.25 710.75 5
735.125 805.0 3
844.0 129.0 1
506.4 212.4 5
692.714 186.0 1
641.0 216.0 2
668.857 188.0 1
816.5 587.0 3
370.0 689.8 3
892.0 237.238 2
261.625 692.0 5
345.143 196.0 4
142.0 527.333 5
485.0 513.0 3
670.0 115.0 2
661.0 497.0 3
199.095 321.905 5
231.0 253.429 5
444.0 174.0 4
421.0 167.0 4
846.077 605.077 2
687.0 369.0 2
116.0 698.524 5
500.0 428.067 5
436.625 790.0 3
610.714 489.0 3
749.385 547.385 2
923.0 303.333 2
639.0 181.0 2
705.0 104.0 2
637.0 261.0 1
706.5 298.5 2
657.0 277.0 1
127.0 630.048 5
920.167 664.167 3
1003.0 699.905 2
980.5 741.5 2
187.0 356.143 5
101.0 732.762 5
511.0 341.8 5
878.308 631.0 2
687.0 401.231 2
