666.714 175.0 1
180.286 204.714 5
719.0 696.923 2
249.0 148.0 4
687.429 130.0 1
314.0 691.0 3
353.286 186.0 4
29.0 713.571 5
376.857 193.0 4
259.0 153.0 4
424.0 221.0 4
635.154 427.846 2
705.714 124.286 1
297.0 767.0 3
325.2 630.8 5
378.0 492.6 5
108.0 361.286 5
777.19 153.0 2
742.769 741.769 2
732.095 127.095 2
939.333 985.333 2
871.308 858.0 2
658.0 345.0 2
41.75 815.0 5
152.0 806.0 5
925.0 543.048 2
258.571 151.0 5
687.0 107.0 2
602.0 517.538 2
923.952 497.952 2
614.0 472.692 2
133.0 283.0 5
309.0 722.933 5
639.0 383.0 2
368.333 538.667 5
746.0 767.667 3
375.429 147.0 4
262.25 786.0 5
627.25 892.0 3
658.167 620.167 3
78.5 805.0 5
360.0 577.0 3
650.857 141.143 1
737.429 155.571 1
57.7143 635.286 5
926.0 968.0 2
119.0 322.143 5
422.067 126.067 5
455.125 880.0 3
856.381 227.381 2
742.0 866.0 3
6.0 791.857 5
619.571 192.0 1
455.133 170.133 5
945.0 858.714 2
690.286 168.0 1
391.286 150.0 4
924.0 588.143 2
388.467 446.533 5
239.0 143.0 4
396.143 558.0 3
434.0 183.5 4
596.0 211.0 1
927.0 678.333 2
5.0 831.0 5
77.0 557.0 5
909.667 952.667 2
618.0 112.0 2
772.5 139.5 1
415.533 400.467 5
297.5 124.5 4
540.714 552.0 3
150.143 243.857 5
632.571 145.0 1
466.0 262.267 5
781.615 786.615 2
312.0 130.0 4
306.143 169.0 4
613.0 571.0 3
347.267 584.733 5
897.571 317.571 2
327.857 134.857 4
745.0 108.0 1
647.231 607.231 2
684.625 885.0 3
614.286 146.0 1
400.429 203.429 4
340.375 820.0 3
359.571 143.0 4
932.429 723.429 2
432.0 164.75 4
504.571 550.0 3
97.0 400.429 5
576.857 557.0 3
343.714 139.0 4
826.462 830.462 2
314.0 676.867 5
297.714 133.0 5
908.667 362.667 2
82.0 478.714 5
924.0 633.238 2
918.333 960.333 2
761.0 145.0 1
44.0 674.429 5
80.0 517.857 5
643.143 182.0 1
600.0 180.0 2
433.0 202.25 4
282.571 160.0 4
652.5 103.0 2
784.0 134.0 1
669.143 135.0 1
932.667 976.667 2
432.286 553.0 3
407.143 149.0 4
643.0 270.0 2
944.905 948.905 2
600.5 214.5 2
605.0 249.0 2
596.0 143.0 1
376.0 117.0 5
397.75 856.75 3
699.333 669.333 3
569.875 897.0 3
943.619 813.619 2
602.0 145.5 2
306.0 729.0 3
946.0 994.0 2
713.857 162.0 1
466.0 216.2 5
225.5 795.5 5
115.25 804.0 5
590.0 177.0 1
329.714 178.0 4
219.429 170.571 5
299.0 769.0 5
468.429 550.0 3
894.0 900.154 2
316.0 653.0 3
920.0 452.857 2
512.5 893.0 3
724.0 718.5 3
11.2857 752.714 5
283.0 119.0 4
916.0 407.762 2
86.0 439.571 5
750.0 816.833 3
821.286 182.286 2
332.0 615.0 3
945.0 903.81 2
734.5 113.0 1
423.0 146.0 4
188.75 806.0 5
939.0 768.524 2
724.0 118.0 1
69.8571 596.143 5
658.0 307.0 2
447.6 354.4 5
901.0 945.0 2
591.0 194.0 1
462.0 308.333 5
881.476 272.476 2
336.857 120.143 5
591.0 160.0 1
616.385 562.385 2
688.077 652.077 2
