946.0 992.0 2
825.286 171.286 2
473.667 126.667 5
121.0 900.905 5
103.0 812.714 5
638.0 372.0 2
465.0 416.667 5
735.0 697.0 3
909.0 899.0 2
488.0 223.333 5
421.0 755.0 5
710.0 611.615 2
737.0 714.308 2
647.0 325.5 2
675.923 508.923 2
148.0 459.952 5
613.0 202.667 2
112.0 724.524 5
724.846 645.846 2
971.524 900.476 2
931.857 442.857 2
398.0 706.667 5
339.5 788.0 5
380.25 774.0 5
930.0 945.5 2
439.714 225.0 4
258.0 816.0 5
592.0 168.75 1
571.0 827.0 3
679.0 826.0 3
939.0 488.619 2
507.0 449.0 3
218.619 195.381 5
298.81 121.19 5
273.286 191.0 4
435.333 88.3334 5
623.0 230.0 1
390.0 610.0 5
449.857 163.0 4
415.4 531.6 3
717.286 212.0 1
144.0 504.048 5
983.0 854.714 2
898.0 305.571 2
843.0 190.0 1
390.0 658.333 5
406.429 215.429 4
449.0 475.0 3
484.0 271.667 5
480.0 164.0 4
470.0 368.333 5
478.0 456.0 3
645.0 302.25 2
617.0 240.833 2
176.5 864.5 5
673.571 164.0 1
135.0 945.0 5
690.154 543.154 2
395.4 701.4 3
200.524 239.476 5
685.857 214.0 1
660.692 474.692 2
653.833 95.1666 2
910.0 351.333 2
419.714 163.0 4
758.429 164.0 1
748.714 210.0 1
387.0 84.0 5
654.429 217.0 1
701.857 165.857 1
154.143 415.857 5
921.0 397.095 2
715.0 817.0 3
645.286 157.286 1
393.0 588.2 3
426.0 513.333 5
721.0 637.0 3
463.0 789.0 3
966.0 625.905 2
211.0 171.0 4
724.0 817.0 2
780.143 205.0 1
298.75 802.25 5
975.0 717.429 2
186.0 283.571 5
390.0 644.8 3
452.0 465.0 5
625.0 279.0 2
254.714 151.286 5
979.0 763.19 2
596.25 221.0 1
472.0 238.0 4
536.0 443.0 3
342.905 98.0 5
883.81 259.81 2
148.75 904.25 5
234.0 143.0 4
586.0 195.5 1
617.0 152.0 1
478.0 219.25 4
817.0 837.0 2
984.0 808.952 2
811.571 196.429 1
478.0 320.0 5
164.0 371.762 5
863.5 859.0 2
959.0 580.143 2
678.0 517.0 3
225.5 176.0 4
734.077 680.077 2
643.0 830.0 3
724.0 782.769 2
107.0 768.619 5
615.667 126.333 2
866.048 214.048 2
594.0 442.0 3
137.0 548.143 5
645.231 406.231 2
700.0 577.0 3
607.0 830.0 3
730.143 166.0 1
251.5 146.0 4
339.857 205.857 4
389.571 163.0 4
499.0 808.0 3
956.0 946.238 2
648.0 440.462 2
732.0 757.0 3
783.524 126.524 2
329.286 159.0 4
815.0 157.0 1
306.571 199.0 4
874.0 181.0 1
128.0 592.238 5
299.143 155.0 4
832.5 156.0 1
116.0 680.429 5
786.714 161.0 1
535.0 821.0 3
217.25 835.75 5
652.0 457.0 3
692.0 86.0 2
565.0 441.0 3
480.0 200.5 4
948.381 534.381 2
269.0 149.0 4
119.0 636.333 5
971.0 671.667 2
482.0 181.75 4
403.0 561.667 5
858.5 185.5 1
427.0 758.0 3
610.0 164.5 2
106.0 856.81 5
359.429 162.0 4
623.0 445.0 3
700.385 577.385 2
488.0 175.0 5
641.0 348.75 2
240.0 180.0 4
850.0 153.0 1
732.0 748.538 2
373.143 210.0 4
737.762 97.0 2
176.0 327.667 5
770.5 826.5 2
