842.0 296.333 2
791.333 766.0 2
734.0 730.692 2
892.667 849.667 2
407.0 474.0 3
358.0 678.0 3
365.0 590.2 5
436.0 130.867 5
191.0 142.0 4
347.571 125.0 4
662.714 111.286 1
822.667 773.667 2
436.0 181.25 4
122.0 555.571 5
905.0 881.0 2
539.0 805.0 3
465.571 442.429 3
855.0 379.857 2
133.0 407.952 5
124.0 518.667 5
891.0 630.429 2
590.0 308.0 2
612.0 454.0 3
321.429 120.0 4
915.0 713.952 2
595.0 331.5 2
715.0 709.0 3
162.571 223.429 5
553.429 437.0 3
550.0 171.0 1
658.571 155.0 1
674.75 792.0 3
770.0 128.0 1
628.0 480.231 2
149.0 297.238 5
693.762 68.0 2
442.0 222.733 5
202.875 731.0 5
714.286 143.0 1
325.375 726.0 5
877.0 818.333 2
378.0 525.0 3
213.0 115.0 4
556.0 265.0 2
241.286 113.714 5
824.0 212.81 2
872.0 505.143 2
435.0 143.75 4
555.0 138.0 2
141.625 759.375 5
307.429 166.0 4
755.0 97.0 1
795.0 122.0 1
718.0 699.385 2
315.095 71.0 5
426.0 126.0 4
421.0 314.6 5
690.769 636.769 2
613.0 448.923 2
111.0 777.0 5
442.0 176.8 5
557.0 128.0 1
878.0 546.905 2
493.75 798.0 3
704.077 668.077 2
677.0 607.0 3
228.0 115.0 4
717.0 760.0 3
777.286 130.286 2
436.0 162.5 4
172.25 742.75 5
294.75 725.0 5
918.0 755.714 2
359.0 627.0 3
556.0 222.667 2
636.286 116.0 1
204.0 145.0 4
629.5 805.0 3
577.5 284.5 2
209.381 150.619 5
243.0 117.0 4
735.524 95.5238 2
782.5 125.0 1
911.762 839.238 2
715.571 103.0 1
101.0 740.095 5
337.571 173.0 4
810.0 171.048 2
129.0 444.857 5
678.0 605.462 2
139.0 371.048 5
412.0 406.467 5
524.143 435.0 3
295.286 121.0 4
548.0 149.5 1
269.143 119.0 4
609.667 70.3334 2
176.476 186.524 5
901.0 672.19 2
217.0 149.0 4
866.0 463.381 2
701.0 658.0 3
638.0 505.0 3
365.0 576.0 3
494.857 438.0 3
584.25 809.0 3
428.0 200.0 4
403.25 764.0 3
915.0 797.476 2
591.0 355.0 2
655.0 542.846 2
556.5 192.5 1
233.5 726.0 5
399.857 127.0 4
104.0 703.19 5
861.0 421.619 2
567.333 96.6666 2
666.154 574.154 2
375.0 544.267 5
397.857 194.0 4
768.0 95.0 1
832.571 254.571 2
352.0 67.0 5
609.0 417.615 2
602.857 184.143 1
115.0 629.381 5
407.0 452.4 5
356.0 682.067 5
884.0 588.667 2
415.467 360.533 5
689.143 108.0 1
609.857 121.0 1
247.143 156.143 4
358.0 636.133 5
575.0 203.0 1
760.0 762.0 2
393.667 498.333 5
358.0 729.0 3
373.714 127.0 4
742.143 133.0 1
154.0 260.333 5
657.0 556.0 3
356.0 728.0 5
144.0 334.143 5
437.333 268.667 5
630.714 167.0 1
127.0 481.762 5
849.0 338.095 2
278.19 84.8095 5
277.286 162.0 4
119.0 592.476 5
448.5 783.0 3
397.933 89.9333 5
367.714 181.714 4
583.429 126.0 1
264.125 724.0 5
742.0 99.0 1
604.0 386.308 2
436.286 455.0 3
110.0 666.286 5
555.0 180.333 2
582.714 444.714 3
652.0 61.0 2
686.429 148.571 1
641.538 511.538 2
853.0 787.0 2
