589.571 124.0 1
132.0 519.429 5
523.429 489.0 3
642.077 563.077 2
616.0 513.0 3
128.0 717.524 5
700.0 727.308 2
627.286 109.714 1
310.0 111.0 4
294.5 105.0 4
560.333 183.667 2
646.143 163.857 1
421.0 404.0 5
926.0 714.714 2
400.0 500.0 3
582.875 813.0 3
151.667 321.333 5
377.0 629.0 5
301.429 159.0 4
702.286 135.714 1
624.231 530.231 2
665.0 92.0 1
679.769 628.769 2
278.762 130.238 5
592.0 202.0 1
887.0 497.81 2
663.0 604.0 3
452.0 178.5 4
426.75 205.0 4
376.0 629.0 3
556.0 224.333 2
707.0 786.0 3
887.0 885.333 2
753.0 150.762 2
616.0 335.0 2
624.0 431.692 2
731.5 118.5 1
704.0 740.5 3
143.048 360.952 5
136.0 400.571 5
627.429 172.0 1
461.714 488.0 3
318.381 102.619 5
900.0 584.571 2
698.0 695.0 3
442.0 224.0 5
132.0 559.048 5
126.0 638.286 5
937.095 758.095 2
428.0 134.0 5
621.0 464.538 2
612.0 304.0 2
646.143 99.857 1
165.286 281.714 5
358.0 89.0 5
703.0 760.154 2
132.0 598.667 5
551.857 138.143 1
204.524 202.476 5
457.0 146.75 4
683.571 146.429 1
946.476 801.476 2
436.0 269.0 5
861.667 367.667 2
608.429 117.0 1
130.0 440.19 5
375.0 586.0 3
742.0 113.0 1
147.5 839.5 5
403.0 93.0 5
624.25 814.0 3
122.0 796.762 5
721.0 124.0 1
877.0 454.429 2
846.5 844.5 2
915.0 930.167 2
123.0 836.381 5
556.5 186.5 1
640.0 558.5 3
585.143 500.143 3
590.0 279.0 2
125.0 677.905 5
418.375 756.375 3
492.571 488.0 3
712.0 793.0 2
948.0 844.857 2
264.0 141.0 4
935.0 975.0 2
129.0 876.0 5
130.0 479.81 5
559.0 265.0 2
540.75 169.75 1
612.0 366.0 2
554.286 492.0 3
241.0 130.0 4
320.143 166.143 4
699.0 84.0 1
438.0 118.0 4
574.25 197.25 1
819.0 237.524 2
348.5 730.0 5
239.0 750.0 5
312.0 736.0 5
756.833 797.0 2
380.0 543.0 3
412.0 449.0 5
693.0 661.615 2
275.5 742.0 5
279.0 99.0 4
571.0 143.0 2
419.714 116.0 4
698.0 694.462 2
906.0 627.952 2
384.0 715.0 3
894.0 541.19 2
590.667 102.333 2
664.857 155.143 1
682.0 88.0 1
376.286 192.286 4
710.381 119.0 2
458.75 788.0 3
239.143 163.857 5
252.5 135.5 4
852.0 324.286 2
442.0 179.0 5
404.0 494.0 5
183.0 242.095 5
202.5 770.5 5
395.0 208.0 4
500.125 803.0 3
123.0 757.143 5
346.571 122.571 4
946.0 888.238 2
570.714 131.0 1
373.0 584.0 5
385.0 719.0 5
282.714 150.0 4
620.0 497.385 2
658.923 595.923 2
357.571 181.0 4
626.333 73.3334 2
401.429 119.0 4
870.0 411.048 2
383.143 126.857 4
328.286 116.0 4
665.625 809.0 3
801.667 820.0 2
667.0 93.0 2
338.857 173.857 4
790.143 194.143 2
912.0 671.333 2
383.0 539.0 5
428.0 314.0 5
941.0 931.619 2
839.0 280.905 2
541.5 810.0 3
430.857 488.0 3
166.0 803.0 5
364.857 127.0 4
619.0 398.846 2
381.0 674.0 5
382.0 672.0 3
687.0 649.5 3
609.714 185.286 1
533.0 152.0 1
425.0 359.0 5
