699.0 567.0 3
799.0 349.143 2
230.5 669.5 5
749.5 718.0 2
418.0 171.0 4
647.429 177.571 1
592.0 706.0 3
733.667 671.333 3
211.0 128.0 4
416.0 203.0 4
460.0 692.0 3
151.0 544.286 5
178.0 188.095 5
540.0 218.0 1
257.143 118.0 4
573.0 228.0 2
747.0 136.0 1
718.714 137.714 2
594.0 321.308 2
137.476 615.524 5
406.0 217.0 4
162.0 366.19 5
335.571 152.571 4
255.125 658.0 5
524.714 397.0 3
378.143 208.143 4
519.0 205.0 2
556.0 89.0 2
586.0 76.0 2
418.0 202.333 5
413.0 162.067 5
391.0 363.4 5
798.0 313.905 2
504.0 704.0 3
680.0 133.0 1
530.75 170.75 1
616.0 78.0 2
406.0 121.8 5
440.286 400.0 3
165.0 330.571 5
350.286 197.0 4
535.0 115.0 2
130.381 722.381 5
601.0 389.923 2
548.5 207.5 2
749.0 172.952 2
623.0 459.667 3
797.833 748.833 2
800.0 384.381 2
806.0 631.048 2
202.5 121.0 4
548.0 706.0 3
651.238 88.0 2
347.8 532.2 3
790.0 525.333 2
608.0 424.231 2
159.0 736.375 5
190.0 152.476 5
520.0 175.0 2
530.0 186.5 1
734.0 620.667 3
159.571 437.429 5
590.0 287.0 2
674.286 169.714 1
335.4 569.6 3
798.0 419.619 2
246.762 81.2381 5
194.0 114.0 4
726.0 111.0 1
821.0 701.524 2
416.0 672.0 3
822.0 772.0 2
364.0 484.2 5
393.0 81.5333 5
698.462 561.462 2
715.0 117.0 1
581.0 406.0 3
725.333 711.333 2
796.0 454.857 2
162.0 401.81 5
728.0 147.0 1
169.0 259.333 5
174.0 223.714 5
701.167 706.0 2
361.714 157.0 4
384.0 420.0 3
593.714 197.286 1
205.875 688.125 5
211.0 91.0 4
372.0 645.0 3
332.0 607.0 3
686.476 106.476 2
722.769 595.769 2
336.267 564.733 5
412.0 282.867 5
327.0 605.0 5
468.429 398.0 3
412.143 403.857 3
704.0 122.0 1
304.375 625.625 5
675.0 527.154 2
496.571 395.0 3
146.0 579.905 5
739.077 630.077 2
282.381 58.619 5
376.0 443.933 5
737.5 141.5 1
154.0 508.667 5
566.857 209.0 1
231.0 102.0 4
318.0 49.0 5
814.0 666.286 2
524.0 145.0 2
415.0 187.0 4
799.0 595.81 2
664.0 513.333 3
711.308 683.0 2
130.238 686.762 5
156.0 473.048 5
608.0 152.0 1
322.429 186.0 4
214.143 116.857 5
636.0 703.0 3
677.0 703.0 2
585.0 257.5 2
620.571 187.429 1
238.857 147.0 4
165.048 294.952 5
826.0 736.762 2
309.429 143.0 4
701.143 159.857 1
632.0 147.0 1
387.857 158.0 4
786.0 243.429 2
221.0 97.0 4
680.0 695.0 3
414.0 155.0 4
773.667 730.667 2
552.857 400.0 3
536.0 155.0 1
372.6 457.4 3
620.0 458.538 2
181.25 711.75 5
656.0 140.0 1
792.0 490.095 2
132.0 651.143 5
294.571 174.571 4
793.0 560.571 2
532.0 202.25 1
596.0 355.615 2
381.0 403.667 5
560.0 158.0 1
400.0 323.133 5
794.0 278.667 2
417.0 242.6 5
358.267 52.0 5
349.0 524.467 5
279.75 645.25 5
584.0 157.0 1
742.0 664.385 2
266.714 161.0 4
362.2 494.8 3
771.19 208.19 2
646.846 492.846 2
135.0 758.0 5
283.286 131.286 4
