243.0 146.0 4
446.0 122.0 4
776.0 135.0 1
55.0 757.286 5
387.0 87.0 5
230.048 193.952 5
1001.38 767.619 2
421.2 466.8 5
812.0 582.154 2
270.875 653.0 5
409.143 185.143 4
585.0 137.0 1
954.0 775.0 2
628.0 103.0 2
466.875 656.875 3
619.5 238.5 2
343.857 129.0 4
595.0 192.0 2
449.0 384.0 3
793.692 551.692 2
968.0 538.476 2
649.571 172.0 1
475.286 375.0 3
595.0 161.0 2
599.0 191.0 1
406.0 504.6 5
476.0 240.0 5
888.0 721.0 2
417.0 622.0 3
373.625 644.0 5
323.429 126.0 4
681.143 119.0 1
405.143 126.0 4
999.0 691.238 2
951.095 462.095 2
479.0 202.2 5
638.571 118.0 1
804.571 159.571 2
432.0 429.0 5
723.714 107.286 1
417.0 479.2 3
640.5 289.5 2
666.375 719.0 3
527.857 373.0 3
133.857 395.143 5
596.0 119.0 1
985.0 614.857 2
674.857 161.143 1
418.0 618.0 5
87.0 596.333 5
580.429 378.0 3
991.0 653.048 2
64.0 837.762 5
616.5 715.0 3
219.5 677.5 5
922.5 743.5 2
836.762 194.762 2
895.0 309.333 2
745.0 102.0 1
974.0 809.5 2
631.0 345.462 2
57.0 797.524 5
716.25 719.0 3
257.5 150.0 4
635.0 315.0 2
425.571 125.0 4
767.231 521.231 2
424.8 97.0 5
633.0 389.0 3
737.769 494.0 2
432.0 194.0 4
682.333 441.333 3
818.0 612.615 2
501.571 374.0 3
707.308 466.308 2
766.125 714.0 3
606.714 383.0 3
725.429 150.0 1
819.0 704.0 2
924.0 385.714 2
822.0 673.538 2
443.0 391.2 5
431.0 431.6 3
640.0 375.923 2
363.429 173.0 4
303.0 123.0 4
805.0 127.0 1
659.0 92.0 2
97.375 826.625 5
149.0 354.905 5
750.714 142.0 1
115.0 475.619 5
595.0 223.0 2
790.5 131.0 1
406.2 580.2 5
464.0 315.6 5
457.0 126.6 5
600.0 130.0 2
586.0 173.0 1
554.143 375.0 3
400.0 526.8 3
676.846 436.846 2
183.0 274.429 5
654.385 406.385 2
322.25 647.75 5
201.81 234.19 5
166.0 314.667 5
455.0 353.4 5
771.0 96.0 1
269.286 153.714 5
399.0 542.4 5
288.5 120.0 4
170.125 723.875 5
702.429 113.571 1
909.0 347.524 2
294.857 160.0 4
624.286 182.714 1
941.0 423.905 2
690.0 92.0 2
584.0 155.0 1
461.5 139.5 4
306.524 116.476 5
272.0 154.0 4
816.0 694.0 3
364.286 130.0 4
317.714 166.0 4
384.714 128.286 4
819.0 641.667 3
127.75 775.25 5
473.0 164.4 5
516.75 682.0 3
635.0 264.0 2
733.667 490.667 3
123.0 435.381 5
340.571 171.0 4
812.0 589.333 3
460.0 162.0 4
853.5 708.0 2
346.762 94.2381 5
700.143 155.857 1
728.19 108.19 2
659.857 120.0 1
96.0 556.095 5
274.0 117.0 4
998.0 805.81 2
72.0 676.81 5
822.0 643.077 2
79.0 636.571 5
73.0 878.0 5
386.286 176.0 4
960.0 500.286 2
766.381 131.381 2
782.0 537.0 3
1004.0 729.429 2
862.0 232.952 2
992.0 844.0 2
883.0 271.143 2
454.5 184.0 4
976.0 576.667 2
62.9524 717.048 5
617.286 117.0 1
758.0 99.0 1
402.4 574.4 3
106.0 515.857 5
470.0 277.8 5
566.625 702.0 3
