762.167 655.167 3
545.0 117.5 2
580.5 68.0 2
347.6 628.6 5
764.0 670.769 2
418.857 457.0 3
542.0 206.0 2
826.833 764.833 2
814.667 749.667 2
300.5 678.0 5
356.571 132.0 4
553.0 203.0 1
776.0 253.571 2
769.167 713.167 2
711.375 719.0 3
316.286 132.0 4
315.143 177.0 4
754.0 702.0 2
364.0 670.0 3
247.5 160.0 4
136.0 676.571 5
295.429 172.0 4
627.0 370.462 2
375.0 421.6 5
609.5 236.5 2
758.0 218.476 2
688.615 514.615 2
626.0 401.692 2
645.095 78.0952 2
255.0 123.0 4
239.0 157.0 4
674.19 113.19 2
714.846 545.846 2
824.333 534.333 2
693.667 517.667 3
141.0 607.619 5
449.714 449.0 3
355.0 78.0 5
659.286 146.0 1
235.095 193.905 5
336.429 134.0 4
604.0 444.0 3
374.6 504.4 5
388.0 478.0 3
549.429 126.0 1
197.143 262.857 5
376.714 133.0 4
709.0 120.0 1
562.5 718.0 3
678.0 95.0 1
568.857 122.0 1
577.75 211.0 2
263.571 159.429 5
819.0 429.048 2
530.0 127.0 1
409.0 200.0 4
212.619 228.381 5
154.0 435.238 5
406.0 256.0 5
760.0 639.538 2
573.143 443.0 3
292.048 125.952 5
731.381 183.381 2
728.5 563.5 3
623.857 162.143 1
789.0 288.667 2
366.0 670.0 5
530.0 194.5 1
145.0 573.143 5
374.286 202.286 4
370.0 516.4 3
183.667 297.333 5
350.0 587.2 5
840.0 744.905 2
677.0 136.0 1
821.0 464.143 2
830.0 639.619 2
256.0 163.0 4
628.0 432.923 2
512.875 716.0 3
588.286 118.0 1
606.143 170.857 1
480.571 445.0 3
607.714 116.0 1
354.571 189.0 4
641.571 155.0 1
627.143 111.0 1
334.857 181.857 4
541.0 147.0 2
135.0 780.0 5
348.0 631.6 3
632.0 464.154 2
551.0 88.0 2
276.0 126.0 4
511.429 442.0 3
360.0 554.8 3
169.5 715.5 5
202.25 699.0 5
362.0 545.8 5
690.0 90.0 1
158.0 400.762 5
132.0 745.524 5
463.25 709.25 3
827.0 604.524 2
377.0 380.2 5
735.077 577.077 2
275.714 168.0 4
416.0 214.6 5
646.571 105.429 1
235.0 689.0 5
522.0 171.0 1
837.81 709.81 2
265.5 124.5 4
661.75 722.0 3
296.143 128.0 4
518.0 147.5 1
413.625 693.625 3
421.0 166.0 4
413.0 183.0 4
649.833 478.833 3
570.714 196.286 1
784.333 724.0 2
588.429 181.0 1
396.857 138.0 4
814.0 393.952 2
151.0 504.19 5
799.5 735.0 2
541.0 176.5 2
391.0 297.4 5
349.0 593.2 3
267.75 682.0 5
657.385 486.385 2
622.25 272.25 2
396.4 91.4 5
380.2 338.8 5
610.0 63.0 2
666.0 99.0 1
145.0 747.25 5
333.25 677.0 5
417.0 131.8 5
149.0 538.667 5
750.308 608.308 2
834.0 674.714 2
394.0 209.0 4
162.0 366.286 5
800.0 323.762 2
826.0 569.429 2
629.0 339.231 2
749.333 609.333 3
542.286 442.0 3
134.0 711.048 5
171.0 331.81 5
693.0 128.0 1
702.0 148.286 2
837.0 780.0 2
321.524 91.4762 5
383.0 463.0 5
612.125 720.0 3
417.0 149.0 4
418.0 173.2 5
151.286 469.714 5
808.0 358.857 2
621.0 308.0 2
138.0 642.095 5
761.0 701.0 3
821.0 499.238 2
