204.0 149.0 5
454.0 281.8 5
400.857 220.0 4
655.0 558.333 3
850.5 163.5 1
884.0 483.333 2
111.0 633.0 5
857.0 135.0 1
241.0 766.0 5
828.0 118.0 2
392.0 522.467 5
435.0 179.0 4
666.0 613.5 3
632.286 173.0 1
431.0 426.2 5
657.231 567.231 2
630.0 214.0 1
684.0 673.615 2
643.0 771.0 3
595.0 225.0 1
637.308 496.308 2
656.5 42.5 2
393.0 618.733 5
196.0 167.0 4
127.0 413.0 5
769.429 157.0 1
390.0 712.0 3
399.8 503.2 3
589.0 195.5 1
125.0 457.0 5
278.5 753.0 5
666.0 602.692 2
180.0 193.0 5
141.0 325.0 5
788.333 75.3333 2
585.0 153.0 2
164.0 237.0 5
735.143 164.0 1
453.25 751.25 3
446.0 208.5 4
838.0 141.0 1
820.0 904.167 2
867.0 711.667 2
867.0 666.0 2
713.833 787.833 2
473.0 137.4 5
248.143 148.0 4
861.0 161.0 1
403.857 178.0 4
123.0 545.0 5
688.0 709.077 2
416.0 474.333 5
598.0 276.5 2
871.667 620.333 2
185.5 165.0 4
460.267 89.2667 5
427.0 451.0 3
598.0 165.0 1
125.0 501.0 5
547.0 441.0 3
598.0 425.385 2
595.0 450.0 3
390.0 607.6 3
735.0 193.0 1
885.0 392.0 2
353.5 732.0 5
105.0 677.0 5
391.0 715.0 5
217.0 143.0 4
821.0 940.0 2
149.0 281.0 5
175.0 163.0 4
847.5 138.0 1
447.0 329.933 5
851.0 848.667 2
131.0 897.0 5
264.286 181.286 4
384.0 555.4 3
860.0 803.0 2
578.0 319.0 2
665.0 210.0 1
880.0 346.333 2
230.143 173.0 4
451.0 439.0 3
678.0 780.0 2
114.0 853.0 5
700.0 204.0 1
884.0 529.0 2
683.0 723.833 3
341.571 167.0 4
883.0 437.667 2
595.0 255.25 2
811.0 868.333 2
593.0 297.75 2
878.0 574.667 2
700.857 169.0 1
770.0 184.0 1
184.0 140.0 4
440.0 378.067 5
383.0 570.6 5
332.571 202.0 4
648.0 531.769 2
616.0 72.0 2
484.875 761.875 3
396.0 659.8 3
279.286 154.0 4
581.0 193.5 2
200.5 141.0 4
167.0 822.0 5
840.0 166.0 1
666.571 172.0 1
844.0 163.667 2
596.0 112.5 2
580.0 234.0 2
371.0 41.0 5
443.75 223.25 4
674.0 638.154 2
316.0 745.0 5
749.667 805.0 2
372.714 173.0 4
803.714 149.0 1
805.0 174.0 1
523.0 439.0 3
617.846 460.846 2
582.0 389.923 2
421.625 736.625 3
680.667 668.667 3
697.0 34.0 2
109.0 809.0 5
516.5 768.5 3
117.0 589.0 5
548.125 773.0 3
435.0 238.0 4
469.0 185.533 5
842.0 894.333 2
465.0 233.667 5
579.75 775.0 3
240.0 105.0 5
681.0 744.538 2
876.0 300.667 2
298.429 192.429 4
327.0 51.0 5
395.0 666.867 5
866.0 757.333 2
573.0 354.462 2
499.0 438.0 3
366.714 210.0 4
868.0 255.0 2
419.133 49.1333 5
310.429 160.429 4
571.0 445.0 3
611.375 776.0 3
857.0 209.333 2
445.0 193.75 4
133.0 369.0 5
636.0 503.167 3
203.5 790.5 5
142.5 859.5 5
590.0 210.75 1
283.0 74.0 5
742.667 45.6667 2
104.0 721.0 5
590.0 180.25 1
106.0 765.0 5
785.5 832.5 2
475.0 438.0 3
