951.0 734.0 2
137.0 443.857 5
665.154 446.0 2
592.0 84.0 2
773.5 112.0 1
93.0 723.095 5
595.0 112.0 1
269.286 154.286 4
849.0 257.333 2
395.6 502.4 5
574.0 118.0 2
123.0 583.476 5
280.19 99.81 5
312.75 616.0 5
884.524 393.524 2
649.571 164.0 1
440.0 134.0 4
212.381 164.619 5
89.0 758.0 5
626.0 64.0 2
434.0 423.333 5
602.0 373.462 2
146.0 374.048 5
707.286 95.7143 1
899.667 685.667 2
584.0 321.0 2
638.923 425.923 2
577.5 182.0 1
130.0 548.571 5
389.533 78.5333 5
567.0 156.0 1
259.5 101.0 4
586.231 347.231 2
723.75 707.0 3
350.0 69.0 5
271.625 616.0 5
456.0 155.0 4
384.0 541.933 5
181.0 234.429 5
214.0 127.0 4
738.714 135.286 1
242.0 96.0 4
433.0 424.0 3
426.067 107.067 5
902.0 461.619 2
632.429 113.0 1
603.0 242.0 2
159.0 304.238 5
142.0 408.952 5
670.125 705.125 3
415.8 463.2 3
150.0 339.143 5
786.0 100.0 1
298.571 167.571 4
300.286 116.286 4
873.5 670.0 2
393.429 137.0 4
451.0 304.733 5
415.714 200.714 4
386.467 581.467 5
149.0 675.75 5
761.0 121.0 1
911.0 495.667 2
194.476 199.524 5
327.857 174.0 4
456.143 408.0 3
688.571 101.429 1
578.0 220.0 2
660.0 62.0 2
571.857 391.0 3
315.095 79.9048 5
838.286 223.286 2
402.0 620.0 3
640.833 423.833 3
775.308 569.308 2
525.571 390.0 3
730.5 503.5 3
447.0 344.267 5
616.5 701.0 3
651.143 110.0 1
821.167 651.0 2
795.0 648.0 2
857.381 291.381 2
230.5 623.0 5
671.857 159.0 1
760.077 543.077 2
867.0 325.429 2
571.5 128.5 1
386.0 541.6 3
785.538 595.538 2
615.692 399.692 2
946.0 665.905 2
441.0 383.8 5
613.714 114.0 1
455.625 665.625 3
740.846 516.846 2
605.0 298.0 2
479.286 399.714 3
461.0 176.0 4
134.0 478.762 5
820.238 189.238 2
793.0 621.769 2
716.429 146.571 1
573.0 152.0 2
627.286 173.0 1
926.0 563.762 2
669.857 107.0 1
386.429 187.0 4
395.0 621.0 5
691.385 466.385 2
502.429 394.0 3
353.875 620.0 5
445.0 218.0 4
415.0 462.867 5
694.143 154.0 1
777.375 694.625 3
357.143 180.0 4
694.048 68.0 2
370.143 134.0 4
595.0 396.0 3
933.81 597.81 2
766.333 549.333 3
277.0 107.0 4
323.571 124.0 4
940.0 631.857 2
386.8 580.8 3
948.952 699.952 2
398.0 502.4 3
454.0 265.2 5
450.0 146.6 5
605.0 187.0 1
918.0 529.714 2
458.0 186.133 5
240.0 139.0 4
893.0 427.571 2
509.25 688.0 3
346.857 130.0 4
847.333 659.0 2
794.0 641.0 3
227.0 132.0 4
762.143 121.143 2
562.875 695.0 3
875.0 359.476 2
750.0 74.0 1
104.0 653.286 5
112.619 618.381 5
101.0 688.19 5
726.0 86.0 1
548.714 389.0 3
573.0 186.0 2
170.0 269.333 5
459.0 197.0 4
686.667 461.667 3
132.0 513.667 5
247.286 131.714 5
189.375 642.0 5
738.0 81.0 1
458.0 225.667 5
925.833 707.833 2
791.19 155.19 2
416.714 137.0 4
789.167 595.167 3
717.615 490.615 2
728.095 91.0 2
611.0 270.0 2
112.125 716.875 5
