935.0 980.0 2
591.0 236.0 2
958.0 801.333 2
210.476 214.524 5
736.0 661.846 2
711.0 600.667 3
434.0 581.6 5
151.0 392.048 5
105.0 969.0 5
331.714 175.714 4
362.429 236.429 4
951.0 756.667 2
574.0 250.0 1
686.0 96.0 2
337.619 119.0 5
923.0 488.667 2
956.0 890.667 2
103.0 791.476 5
475.0 221.25 4
428.0 674.8 5
914.0 941.5 2
927.0 533.333 2
382.0 111.0 5
427.0 663.6 3
128.0 569.571 5
678.714 156.0 1
678.833 545.833 3
875.333 265.333 2
423.0 760.0 3
358.571 185.0 4
818.0 849.0 2
527.714 481.0 3
893.0 310.0 2
122.0 613.952 5
382.625 778.375 5
427.0 628.2 5
538.5 818.5 3
775.333 138.333 2
236.0 157.0 4
461.5 786.0 3
892.0 903.0 2
466.0 202.0 4
428.0 615.4 3
655.286 167.0 1
935.0 622.667 2
99.0 835.857 5
613.429 486.429 3
642.0 491.0 3
944.0 712.0 2
712.0 597.385 2
245.5 165.5 4
500.0 807.0 3
118.0 658.333 5
784.5 130.0 1
939.0 667.333 2
820.0 179.0 2
144.0 436.429 5
794.0 123.0 1
416.143 259.0 4
723.0 629.615 2
160.0 347.667 5
723.857 181.0 1
749.429 157.571 1
412.286 201.286 4
702.143 142.0 1
757.0 758.538 2
599.0 139.0 2
304.857 163.0 4
631.857 177.143 1
469.0 162.2 5
116.0 702.714 5
136.375 927.625 5
429.0 721.4 5
457.0 395.2 5
749.0 114.0 1
903.0 354.667 2
725.571 129.0 1
99.0 880.238 5
171.714 303.286 5
621.571 250.429 1
746.0 694.077 2
308.714 209.0 4
487.0 255.39999999999998 5
856.5 873.5 2
584.857 483.0 3
637.5 103.5 2
281.857 190.857 4
577.0 825.0 3
260.0 137.0 4
853.667 220.667 2
730.667 105.667 2
499.143 484.857 3
133.0 525.19 5
566.0 227.0 1
624.0 386.25 2
647.143 228.857 1
731.0 817.0 3
645.692 500.692 2
435.0 567.2 3
759.0 108.0 1
138.0 480.81 5
741.0 823.0 2
596.0 270.0 1
692.5 822.0 3
278.0 148.0 4
931.0 578.0 2
100.0 924.619 5
591.0 284.5 2
952.0 935.333 2
958.0 846.0 2
692.154 565.154 2
428.0 711.8 3
424.0 768.0 5
642.0 436.231 2
646.462 468.462 2
732.0 655.5 3
769.0 102.0 1
912.0 399.333 2
591.0 187.5 2
389.286 247.0 4
248.857 170.143 5
341.25 792.0 5
109.905 747.095 5
255.0 171.0 4
775.0 137.0 1
556.286 481.0 3
293.238 133.0 5
335.571 226.0 4
175.75 889.25 5
571.0 204.0 1
654.0 825.0 3
269.0 143.0 4
751.0 790.769 2
448.0 519.0 3
470.5 240.5 4
188.0 258.905 5
454.0 441.8 5
615.5 368.5 2
466.0 348.6 5
633.0 404.0 2
608.75 350.75 2
483.0 208.8 5
918.0 444.0 2
602.0 333.0 2
482.0 302.0 5
615.5 827.0 3
385.429 194.429 4
608.429 184.0 1
698.286 198.714 1
439.143 202.0 4
779.5 830.0 2
452.0 488.4 5
299.875 808.0 5
669.923 532.923 2
470.571 495.429 3
757.0 765.167 3
750.0 710.333 3
442.0 535.0 5
753.308 726.308 2
443.0 278.0 4
217.125 852.875 5
672.714 214.286 1
428.6 124.0 5
585.0 185.0 1
460.25 259.75 4
258.5 826.0 5
