429.0 566.0 3
426.571 200.0 4
839.0 654.0 2
302.429 144.0 5
686.714 197.286 1
461.067 481.933 5
438.0 530.0 3
610.0 235.25 1
503.0 246.333 5
730.0 106.0 1
666.143 213.857 1
510.0 251.5 4
291.0 146.5 4
492.0 324.867 5
857.667 689.667 2
782.143 128.143 2
835.0 614.333 3
739.5 93.5 1
666.143 167.0 1
656.0 357.0 2
288.5 680.0 5
178.571 682.429 5
840.0 659.167 3
469.0 442.667 5
168.0 791.0 5
616.0 225.0 2
616.0 182.0 1
785.0 519.0 2
285.0 140.0 4
474.75 684.75 3
419.0 639.0 5
191.625 758.375 5
741.429 137.571 1
879.0 250.429 2
621.0 722.0 3
204.0 573.857 5
707.286 177.714 1
474.0 403.4 5
505.0 216.0 4
758.0 117.0 1
616.0 197.167 2
386.375 647.0 5
895.0 317.571 2
938.714 619.714 2
911.0 418.286 2
715.0 101.0 2
899.0 704.0 2
696.0 411.0 2
823.0 573.0 2
953.0 720.429 2
210.0 465.286 5
915.0 485.429 2
736.0 465.0 2
209.0 501.476 5
663.0 270.5 2
913.0 451.857 2
605.0 217.5 1
649.429 177.0 1
505.0 207.067 5
321.125 669.0 5
306.0 117.0 4
478.857 214.0 4
620.0 169.333 2
634.5 141.5 2
807.0 546.0 2
603.286 413.0 3
314.0 124.0 4
821.5 569.5 3
748.571 111.0 2
338.619 118.381 5
607.0 199.75 1
777.0 96.0 1
379.143 219.0 4
497.4 285.6 5
878.333 697.0 2
481.0 364.133 5
486.0 277.0 4
644.75 240.75 2
907.0 384.714 2
718.5 716.0 3
198.0 610.048 5
504.25 269.75 4
513.0 233.25 4
322.0 130.0 4
816.0 697.0 3
936.333 733.333 2
921.0 552.571 2
297.0 153.0 4
682.857 154.143 1
190.0 646.238 5
411.0 96.0 5
168.0 718.619 5
489.533 128.533 5
679.0 384.0 2
207.0 537.667 5
716.286 122.714 1
210.0 429.095 5
645.571 231.429 1
209.0 392.905 5
255.875 698.0 5
523.5 712.0 3
644.0 330.0 2
687.167 104.0 2
953.0 686.857 2
632.714 182.286 1
534.143 417.0 3
714.0 438.0 2
450.267 101.0 5
441.8 521.2 5
669.75 720.0 3
659.333 117.667 2
837.0 681.0 2
750.0 81.0 1
749.0 479.833 3
430.0 560.467 5
672.429 418.429 3
902.0 351.143 2
625.0 248.0 1
271.0 175.762 5
427.0 602.0 3
950.0 754.0 2
767.5 106.5 1
726.0 158.143 1
233.0 248.143 5
348.143 152.143 4
707.0 437.0 3
472.0 458.0 3
452.714 208.0 4
323.714 179.0 4
456.0 494.0 3
833.0 600.0 2
864.857 216.857 2
572.25 721.0 3
637.857 413.0 3
426.0 638.0 3
568.714 414.0 3
887.0 284.0 2
249.0 211.952 5
761.0 492.0 2
425.0 599.733 5
406.857 231.857 4
500.8 167.8 5
664.75 300.25 2
351.429 200.429 4
223.25 725.75 5
214.0 320.524 5
948.0 653.286 2
353.75 658.0 5
815.714 150.714 2
699.571 137.429 1
434.571 243.571 4
919.667 713.667 2
374.81 100.19 5
767.25 708.0 3
400.429 188.0 4
210.0 356.714 5
499.571 430.0 3
837.0 627.0 2
161.0 754.81 5
843.0 183.286 2
462.286 257.286 4
928.0 586.143 2
785.667 524.667 3
374.286 172.286 4
917.0 519.0 2
219.0 284.333 5
