192.0 161.0 4
37.0 617.0 5
412.733 241.267 5
214.667 152.0 5
536.0 231.667 2
843.429 615.429 2
42.0 583.667 5
345.0 568.2 3
635.0 665.154 2
647.0 696.769 2
54.0 517.0 5
327.2 601.8 5
527.5 225.5 1
807.0 284.571 2
70.0 450.333 5
638.0 752.0 3
366.0 526.0 3
413.0 178.0 4
158.0 217.0 5
617.571 183.0 1
845.0 725.714 2
564.333 118.0 2
835.0 431.619 2
544.0 155.0 2
819.0 321.333 2
248.0 125.0 5
35.0 717.0 5
575.5 324.5 2
281.75 710.75 5
554.0 556.0 3
409.0 236.5 4
746.0 124.0 1
558.0 507.077 2
394.0 376.467 5
47.6667 550.333 5
322.0 694.8 3
384.467 421.533 5
642.429 176.571 1
500.286 531.0 3
335.429 176.0 4
847.0 836.0 2
324.6 610.4 3
309.571 172.0 4
745.0 179.0 1
320.0 691.933 5
211.25 670.0 5
140.75 674.25 5
348.0 95.0 5
553.0 475.462 2
183.0 154.0 4
578.714 256.286 1
395.75 775.0 3
314.667 96.0 5
98.6667 350.333 5
692.143 158.0 1
615.0 633.538 2
351.0 556.733 5
667.286 168.0 1
70.25 697.0 5
527.143 541.143 3
355.375 764.0 3
33.6667 650.333 5
534.0 247.75 1
677.762 115.762 2
283.714 163.714 4
366.0 511.66700000000003 5
564.5 278.5 2
580.0 570.308 2
567.857 188.0 1
419.0 151.133 5
516.875 783.125 3
661.857 226.143 1
183.333 183.667 5
311.857 226.0 4
828.0 358.095 2
559.0 380.615 2
228.714 186.714 4
837.381 468.381 2
105.5 683.0 5
109.0 317.0 5
606.429 247.0 1
771.0 157.0 1
602.667 102.0 2
716.0 758.0 2
847.0 762.476 2
842.0 578.667 2
210.0 119.0 4
539.0 193.333 2
649.0 718.833 3
78.0 417.0 5
135.667 250.333 5
62.0 483.667 5
120.0 283.667 5
551.0 269.0 1
246.5 687.5 5
257.857 152.0 4
842.143 505.143 2
849.0 799.238 2
374.4 466.6 5
543.0 186.0 1
689.571 215.0 1
387.143 176.0 4
392.857 517.143 3
367.286 238.0 4
361.286 178.0 4
284.143 216.143 4
575.0 300.0 2
319.0 646.867 5
527.75 203.25 1
557.25 781.0 3
317.0 737.0 5
416.0 217.0 4
446.571 519.0 3
566.0 538.692 2
34.0 683.667 5
584.0 586.167 3
843.0 541.905 2
176.0 665.0 5
221.0 129.0 4
595.923 601.923 2
554.0 443.846 2
750.0 174.286 2
256.429 201.429 4
281.333 104.667 5
790.0 778.0 2
717.286 198.714 1
603.333 619.333 3
318.0 737.0 3
634.143 238.0 1
419.0 197.5 4
717.0 142.0 1
320.0 652.6 3
339.571 231.571 4
844.0 652.19 2
731.5 134.5 1
473.429 525.0 3
641.0 101.0 2
562.0 349.0 2
627.5 652.5 3
832.0 394.857 2
792.81 247.81 2
827.0 799.0 2
651.0 728.385 2
476.5 785.0 3
679.0 758.0 2
556.0 412.231 2
418.0 196.2 5
393.067 108.0 5
597.625 774.0 3
405.667 286.333 5
419.714 514.0 3
758.5 169.5 1
753.0 764.0 2
201.0 168.0 4
643.0 685.667 3
714.524 140.524 2
232.0 137.0 4
775.0 211.048 2
395.0 256.0 4
592.714 186.286 1
844.0 688.952 2
642.0 760.0 2
397.0 331.4 5
436.125 782.0 3
88.0 383.667 5
540.0 270.0 2
