124.857 306.143 5
206.0 183.0 4
468.143 534.0 3
568.0 263.25 1
836.0 712.667 3
280.25 785.25 5
336.0 158.0 5
705.857 257.0 1
679.0 856.0 3
370.571 241.0 4
771.0 191.0 1
798.0 221.0 1
434.0 550.0 3
86.0 423.714 5
942.0 608.333 2
943.0 850.0 2
32.0 894.0 5
853.923 753.923 2
375.0 774.0 3
107.0 345.333 5
754.333 181.0 2
953.0 828.333 2
77.0 502.095 5
624.0 395.0 2
382.0 754.733 5
916.0 825.0 2
767.286 231.0 1
490.0 849.0 3
578.0 256.667 2
931.0 836.0 2
736.571 243.0 1
55.0 776.429 5
582.0 217.0 2
49.381 815.619 5
179.238 229.762 5
447.0 292.067 5
366.0 801.0 5
400.286 245.0 4
789.0 185.0 1
826.667 241.667 2
910.333 388.333 2
660.714 229.0 1
641.333 160.0 2
382.267 166.0 5
59.0 658.857 5
943.0 571.667 2
399.0 662.2 5
197.0 220.0 4
715.857 211.143 1
822.5 214.5 1
865.0 782.462 2
583.0 320.0 1
218.429 201.571 5
423.0 569.667 5
688.286 219.714 1
502.286 530.0 3
438.0 263.0 4
807.0 178.0 1
743.429 202.0 1
867.0 803.0 3
345.571 282.0 4
795.308 671.308 2
739.231 625.231 2
766.769 647.769 2
385.0 729.2 3
616.0 857.0 3
159.0 205.0 4
237.375 781.0 5
226.714 233.0 4
742.0 852.0 3
391.0 684.4 3
81.0 462.905 5
842.0 725.385 2
901.0 819.0 2
340.857 237.0 4
72.0 541.286 5
375.286 299.0 4
412.067 615.933 5
576.0 296.333 2
67.0 580.476 5
673.0 545.0 3
693.154 568.154 2
429.0 477.133 5
920.0 425.0 2
750.333 634.333 3
624.5 424.5 2
445.0 338.333 5
717.667 163.0 2
257.619 176.0 5
222.0 190.0 4
886.0 815.0 2
59.0 698.048 5
613.714 303.0 1
937.0 535.0 2
604.714 530.0 3
791.0 206.0 2
323.125 793.125 5
946.0 755.0 2
57.0 737.238 5
871.0 811.0 2
847.0 206.0 1
286.143 260.143 4
427.0 829.0 3
434.0 523.4 5
669.615 539.615 2
941.0 645.0 2
578.0 336.0 2
681.0 160.0 2
194.5 782.5 5
190.0 175.0 4
536.429 530.0 3
425.0 303.0 4
296.81 161.19 5
428.0 199.533 5
178.0 212.0 4
633.143 237.857 1
92.0 384.524 5
856.0 757.833 3
387.0 708.467 5
408.0 639.6 3
151.625 793.0 5
311.143 228.0 4
955.0 865.0 2
805.0 842.0 3
315.857 270.0 4
405.0 315.0 4
430.0 243.0 4
601.667 179.333 2
434.0 283.0 4
281.429 216.0 4
417.0 594.8 3
251.714 204.0 4
441.4 384.6 5
927.0 461.667 2
67.875 851.125 5
616.0 454.0 2
942.0 681.667 2
61.0 619.667 5
823.846 696.846 2
675.143 268.857 1
146.048 266.952 5
644.429 285.0 1
553.0 855.0 3
568.0 305.75 1
446.0 245.8 5
578.0 242.0 1
256.429 249.0 4
433.0 430.867 5
949.0 791.667 2
41.0 854.81 5
605.571 241.429 1
638.857 534.0 3
709.0 590.167 3
899.667 351.667 2
931.0 498.333 2
607.5 365.5 2
108.75 817.25 5
714.692 596.692 2
795.5 670.5 3
944.0 718.333 2
646.077 511.077 2
570.571 530.0 3
857.0 278.333 2
630.0 482.538 2
569.0 284.5 1
882.0 315.0 2
