430.0 139.2 5
816.0 742.0 2
779.524 177.524 2
361.286 180.0 4
537.0 221.0 1
695.714 133.0 1
439.0 182.8 5
172.0 377.571 5
363.0 704.0 5
847.0 522.952 2
334.714 172.714 4
636.0 79.0 2
243.143 153.857 5
604.0 270.0 2
861.0 814.333 2
742.0 108.0 1
407.0 524.0 3
438.0 430.0 3
344.286 203.0 4
135.0 713.143 5
355.0 89.0 5
171.0 452.143 5
217.0 145.0 4
598.0 420.0 3
861.0 638.095 2
792.769 678.769 2
308.143 164.0 4
601.667 83.0 2
440.0 229.0 4
627.857 187.143 1
880.381 791.619 2
634.462 460.462 2
762.0 127.0 1
448.0 313.6 5
237.0 128.0 4
744.0 762.0 3
532.0 207.0 1
146.0 638.571 5
422.0 239.0 4
834.429 369.429 2
166.0 526.714 5
799.0 710.385 2
694.0 770.0 3
774.538 615.538 2
794.0 733.0 3
794.905 215.905 2
141.0 825.0 5
157.0 564.0 5
853.0 599.714 2
138.0 787.714 5
613.0 365.615 2
246.0 133.0 4
831.667 753.667 2
598.571 196.0 1
810.0 254.286 2
419.0 444.4 5
176.0 762.25 5
280.429 119.571 5
264.571 176.571 4
300.25 694.0 5
686.429 170.0 1
394.0 575.2 5
754.923 583.923 2
418.0 477.0 3
874.0 830.0 2
171.0 414.857 5
575.143 411.143 3
175.0 340.286 5
607.0 334.0 2
842.0 446.19 2
370.857 209.857 4
386.0 618.8 5
871.0 676.476 2
622.0 428.846 2
417.0 488.0 5
712.762 104.0 2
753.5 132.0 1
644.0 771.0 3
793.0 680.5 3
405.4 531.6 5
214.857 191.143 5
839.0 407.81 2
387.857 184.0 4
460.857 418.143 3
540.0 235.0 1
393.0 571.0 3
569.286 222.714 1
433.8 357.2 5
552.286 406.0 3
450.0 193.0 4
139.0 675.857 5
529.429 404.0 3
674.381 87.0 2
545.0 202.667 2
844.0 484.571 2
724.308 553.308 2
186.0 265.714 5
494.0 725.0 3
554.286 179.0 1
398.6 99.6 5
227.5 151.5 4
317.714 100.286 5
845.0 767.333 2
884.0 753.238 2
422.0 400.8 5
611.0 302.0 2
444.0 696.0 3
724.0 117.0 1
786.0 647.154 2
853.0 783.0 2
450.0 211.0 4
268.875 699.0 5
526.0 179.0 1
594.0 760.0 3
744.5 575.5 3
829.0 331.048 2
548.0 237.0 2
693.692 521.692 2
657.143 181.0 1
748.143 139.143 2
639.143 157.0 1
394.0 665.0 3
483.714 410.0 3
394.0 662.4 5
255.0 138.0 4
582.571 174.429 1
617.0 397.231 2
506.571 406.0 3
880.0 714.857 2
733.0 113.0 1
662.077 492.077 2
397.429 218.0 4
745.0 137.0 1
667.429 147.0 1
544.0 745.0 3
821.667 292.667 2
567.333 101.667 2
445.0 226.4 5
441.0 180.0 4
385.0 618.0 3
778.0 628.0 3
527.0 193.0 1
317.714 196.0 4
206.125 733.875 5
849.0 561.333 2
135.0 750.429 5
857.0 798.667 2
694.0 525.0 3
238.0 158.0 4
160.375 793.625 5
580.0 242.0 2
281.571 152.0 4
414.429 186.0 4
449.0 270.0 5
542.0 168.333 2
194.571 228.429 5
715.714 153.286 1
237.5 710.5 5
549.0 134.0 2
644.5 472.5 3
331.625 696.0 5
291.143 188.0 4
180.0 303.0 5
610.857 164.143 1
170.0 489.429 5
151.0 601.286 5
