634.857 208.0 1
711.333 534.333 3
262.0 167.0 4
387.0 630.8 5
702.143 174.0 1
875.0 456.81 2
679.714 187.286 1
465.0 160.4 5
730.154 566.154 2
257.5 686.0 5
388.0 667.0 3
905.0 823.0 2
688.143 142.0 1
612.429 218.571 1
175.0 445.524 5
433.0 493.0 3
894.0 676.524 2
207.714 270.286 5
434.2 126.2 5
349.714 165.0 4
577.5 730.0 3
456.0 356.4 5
643.286 152.0 1
283.0 144.0 4
272.0 171.0 4
843.0 273.714 2
448.0 239.0 4
633.0 292.5 2
453.143 466.857 3
193.667 305.333 5
586.0 227.667 2
183.0 340.381 5
158.0 796.0 5
751.667 614.667 3
177.0 515.619 5
770.857 163.857 2
766.0 677.231 2
400.571 222.0 4
660.846 485.846 2
421.8 513.2 5
736.0 574.5 3
632.0 320.75 2
861.0 346.952 2
662.0 94.0 2
401.0 562.6 3
462.0 220.0 4
657.286 200.0 1
354.625 670.0 5
255.81 200.19 5
750.0 117.0 1
435.375 707.0 3
764.0 649.462 2
747.0 149.0 1
157.0 725.905 5
394.0 591.6 5
762.833 654.833 3
745.923 593.923 2
757.5 143.5 1
376.857 214.0 4
324.905 137.0 5
225.762 235.238 5
424.286 229.286 4
225.125 703.875 5
618.0 349.0 2
633.077 459.077 2
900.0 713.143 2
415.286 171.0 4
305.714 188.0 4
627.0 404.538 2
543.571 453.0 3
466.0 199.6 5
867.0 383.571 2
625.0 376.769 2
169.0 620.762 5
431.0 434.8 5
306.0 152.0 4
794.667 711.0 2
282.0 176.0 4
672.25 728.0 3
872.0 420.19 2
172.0 585.714 5
395.0 115.0 5
848.0 743.0 2
767.0 695.0 3
576.0 161.0 1
573.714 454.0 3
371.571 169.0 4
462.0 182.0 4
877.0 493.429 2
674.167 496.167 3
482.75 726.0 3
164.19 655.81 5
878.0 530.048 2
160.0 690.857 5
603.857 454.0 3
710.571 133.429 1
294.5 148.0 4
391.0 597.4 3
829.0 237.095 2
437.143 166.857 4
891.333 796.333 2
757.0 621.692 2
393.429 171.0 4
821.333 723.0 2
403.6 552.4 5
724.571 161.0 1
573.0 178.5 1
329.429 199.0 4
741.5 120.5 1
465.0 317.2 5
906.0 749.762 2
910.0 786.381 2
388.0 632.2 3
353.143 207.0 4
890.0 639.905 2
698.619 104.619 2
483.286 457.0 3
443.0 395.6 5
735.238 130.0 2
290.857 168.143 5
620.857 157.0 1
179.0 375.429 5
616.25 268.0 2
194.75 731.25 5
719.625 719.375 3
175.524 410.476 5
628.0 432.308 2
634.0 463.0 3
768.0 705.0 2
322.25 669.0 5
466.0 278.0 5
416.0 527.8 3
854.0 310.333 2
886.0 603.286 2
768.0 138.0 1
590.0 231.0 1
459.0 163.0 4
387.0 670.0 5
588.0 261.0 2
176.0 480.571 5
881.0 566.667 2
467.0 238.8 5
714.0 538.385 2
628.667 101.333 2
588.0 161.0 2
598.429 161.0 1
530.125 730.0 3
733.0 124.0 1
327.857 159.0 4
177.0 550.667 5
873.667 769.667 2
804.476 200.476 2
155.0 760.952 5
578.5 213.5 1
359.952 120.048 5
464.0 201.0 4
289.875 673.125 5
575.0 196.0 1
176.0 763.625 5
688.615 512.615 2
624.875 730.0 3
665.714 148.0 1
426.0 474.0 5
513.429 454.0 3
600.0 127.667 2
586.0 194.333 2
