633.0 458.0 3
531.25 136.25 1
427.286 458.0 3
791.0 673.333 3
574.0 271.0 2
721.0 71.0 1
416.5 755.5 3
833.0 231.381 2
330.0 531.6 3
352.286 187.286 4
350.0 669.533 5
370.0 442.2 5
628.0 174.0 1
811.905 189.905 2
288.143 106.0 4
422.0 214.867 5
610.0 79.0 2
311.286 112.0 4
47.0 897.0 5
541.0 158.5 1
418.0 260.333 5
244.857 141.857 4
621.0 417.077 2
64.0 597.333 5
853.333 314.333 2
874.0 397.286 2
649.0 73.0 2
954.0 770.571 2
918.0 563.19 2
589.0 795.0 3
403.857 131.0 4
161.0 785.0 5
959.476 853.524 2
580.857 116.0 1
906.714 521.714 2
379.143 203.143 4
666.571 93.0 1
474.0 783.0 3
956.0 895.0 2
412.2 305.8 5
420.0 198.75 4
547.0 203.0 1
68.0 554.524 5
946.0 687.619 2
205.0 121.0 4
731.952 114.952 2
406.0 218.0 4
795.0 684.385 2
783.0 650.846 2
218.0 127.0 4
761.0 98.0 1
140.952 212.048 5
357.571 122.0 4
334.429 117.0 4
901.0 827.0 2
601.0 186.0 1
864.81 355.81 2
550.714 446.0 3
111.0 297.667 5
820.0 751.462 2
192.0 116.0 4
547.0 184.0 2
287.0 747.0 5
359.0 718.0 3
77.0 855.0 5
682.0 142.0 1
423.5 175.5 4
253.381 104.619 5
392.0 396.733 5
245.0 758.0 5
329.0 533.133 5
468.429 450.571 3
349.4 671.4 3
329.0 578.2 3
210.571 131.0 5
43.0 768.571 5
926.667 604.667 2
203.0 769.0 5
812.0 727.667 3
265.0 100.0 4
58.0 640.143 5
720.231 550.231 2
337.067 624.067 5
895.0 480.238 2
45.0 725.762 5
82.9048 426.095 5
271.714 155.0 4
380.714 127.0 4
882.0 438.762 2
119.0 816.0 5
43.0 811.381 5
682.333 510.333 3
606.0 323.0 2
704.5 78.0 1
298.571 166.0 4
247.5 94.5 4
950.0 729.095 2
591.857 449.0 3
547.0 223.0 2
856.667 792.0 2
819.0 782.0 3
645.143 101.857 1
768.0 617.308 2
731.667 564.667 3
42.0 854.19 5
748.5 105.5 1
690.476 84.0 2
834.0 785.0 2
609.538 383.538 2
435.0 152.25 4
704.0 794.0 3
384.467 83.4667 5
509.571 447.429 3
690.692 516.692 2
345.333 487.667 5
557.0 145.0 2
230.0 90.0 4
709.0 128.0 1
572.0 106.0 2
688.0 85.0 1
427.0 130.0 4
51.0476 682.952 5
423.0 169.4 5
371.0 715.0 5
74.0 468.905 5
414.0 123.933 5
958.0 812.048 2
559.429 118.0 1
623.714 109.0 1
325.429 177.429 4
761.5 791.0 3
403.0 351.267 5
920.667 849.667 2
296.19 86.0 5
807.0 717.923 2
70.0 511.71400000000006 5
768.0 619.0 3
646.5 791.0 3
773.429 149.429 2
547.0 262.0 2
531.5 791.0 3
543.0 180.75 1
936.0 646.143 2
574.0 196.0 1
596.0 296.0 2
335.0 624.8 3
938.333 872.333 2
339.0 73.0 5
121.0 254.857 5
89.0 383.286 5
329.0 578.6 5
345.0 485.0 3
748.769 583.769 2
655.0 155.0 1
169.762 169.238 5
845.0 272.857 2
736.0 113.0 1
329.0 734.0 5
632.0 450.615 2
601.0 350.0 2
602.286 112.0 1
538.0 114.0 1
100.0 340.476 5
386.143 469.857 3
657.154 484.154 2
879.333 807.0 2
