488.0 142.2 5
144.0 331.524 5
624.0 176.0 1
708.0 38.0 2
859.5 853.5 2
733.0 798.0 3
429.0 751.0 5
657.0 486.462 2
122.25 885.75 5
474.0 191.75 4
304.714 97.0 4
638.0 465.0 3
423.571 117.571 4
427.0 548.067 5
382.75 752.0 5
483.0 134.0 4
424.0 700.267 5
655.75 804.0 3
932.0 930.143 2
74.0 701.048 5
290.25 762.0 5
389.0 30.0 5
703.0 108.0 1
74.0 747.238 5
453.0 345.133 5
119.0 470.095 5
652.0 300.0 2
677.0 114.0 1
365.286 155.0 4
908.0 933.833 2
879.0 180.429 2
462.625 763.625 3
466.571 486.0 3
749.0 659.538 2
342.81 43.0 5
412.0 601.6 3
113.0 516.286 5
621.0 138.0 1
187.048 192.952 5
803.0 130.0 1
101.0 932.0 5
894.0 890.667 2
676.077 521.077 2
899.0 227.286 2
807.0 88.0 1
948.714 414.714 2
966.0 789.571 2
267.571 125.571 4
170.857 239.143 5
397.857 166.857 4
87.0 885.81 5
698.692 555.692 2
675.667 519.667 3
750.667 742.333 3
453.286 124.0 4
127.0 423.905 5
578.5 799.0 3
620.0 252.0 2
552.286 461.0 3
655.0 324.0 2
485.75 153.25 4
848.0 115.0 1
754.0 728.769 2
965.0 649.0 2
426.2 554.8 3
973.0 742.714 2
212.0 106.0 4
420.0 695.2 3
463.0 211.0 4
495.143 474.0 3
469.6 294.4 5
946.0 883.286 2
957.0 836.429 2
411.0 648.4 3
774.0 138.0 1
483.0 243.667 5
96.0 608.667 5
824.5 82.5 1
415.0 649.533 5
156.667 285.333 5
246.0 79.0 4
832.0 120.0 1
76.0 793.429 5
954.429 508.429 2
745.0 145.0 1
153.5 839.5 5
446.0 395.867 5
332.714 146.0 4
781.0 92.0 1
730.0 798.0 2
754.857 51.0 2
482.0 172.5 4
752.0 686.667 3
720.308 590.308 2
260.5 84.5 4
336.5 754.0 5
645.0 451.846 2
413.0 598.8 5
523.714 465.0 3
618.0 166.333 2
773.167 811.0 2
617.125 803.0 3
625.0 119.0 1
82.0 654.857 5
756.0 694.154 2
223.5 111.0 4
658.0 180.0 1
958.0 555.286 2
244.0 778.0 5
842.0 78.0 1
665.167 46.0 2
501.25 779.25 3
620.0 157.0 1
621.0 209.167 2
625.333 80.6666 2
911.0 977.0 2
645.0 382.615 2
440.0 446.6 5
296.619 67.381 5
197.75 799.25 5
801.714 86.7143 2
729.0 104.0 1
687.0 167.0 1
275.0 90.0 4
643.0 417.231 2
300.143 136.0 4
642.0 276.0 2
103.524 562.476 5
816.333 828.0 2
393.857 114.0 4
133.0 377.714 5
755.0 98.0 1
736.0 624.923 2
942.0 367.857 2
434.0 497.333 5
438.0 508.0 3
651.0 116.0 1
848.571 133.571 2
972.0 695.857 2
250.429 102.571 5
334.429 105.429 4
580.857 459.143 3
364.143 111.0 4
745.615 763.385 2
489.0 192.933 5
960.0 602.143 2
953.0 461.571 2
706.0 575.333 3
609.429 461.0 3
539.875 791.875 3
935.0 321.0 2
78.0 839.619 5
694.375 805.0 3
716.0 152.0 1
738.0 631.0 3
918.143 274.143 2
235.0 116.0 4
430.429 192.0 4
478.467 91.4667 5
647.0 348.0 2
424.0 742.0 3
616.0 123.5 2
439.733 45.0 5
629.0 195.0 1
208.0 146.762 5
864.0 110.0 1
