666.0 175.0 1
630.0 89.0 2
267.0 115.0 4
830.385 783.615 2
619.0 235.0 1
458.0 454.4 5
635.0 186.0 1
264.714 116.286 5
706.0 800.0 3
194.0 237.571 5
909.0 743.143 2
357.429 161.429 4
845.0 113.0 1
851.667 854.667 2
749.0 563.0 3
446.0 675.2 3
835.833 839.833 2
365.25 735.75 5
299.5 748.0 5
447.857 190.0 4
658.857 225.143 1
448.0 246.0 4
609.625 792.625 3
677.0 415.154 2
497.0 156.8 5
521.286 500.0 3
385.0 55.0 5
838.0 700.846 2
486.143 512.857 3
188.0 278.0 5
441.0 607.6 3
417.714 181.0 4
906.0 437.143 2
478.0 194.0 4
686.0 291.0 2
183.0 763.143 5
591.571 494.0 3
473.0 355.2 5
249.0 105.0 4
344.571 63.0 5
192.0 682.286 5
861.5 870.5 2
332.375 738.0 5
724.0 55.0 2
673.875 799.0 3
718.571 188.429 1
463.0 404.8 5
443.0 652.8 5
444.0 641.4 3
909.0 655.714 2
499.0 206.4 5
615.0 121.333 2
691.667 56.0 2
905.0 306.0 2
759.0 133.0 1
849.143 131.143 2
481.0 230.0 4
677.0 373.769 2
556.429 496.0 3
659.333 64.6666 2
332.571 184.0 4
907.0 524.571 2
234.0 130.0 4
240.0 134.0 4
679.0 213.5 2
900.0 262.286 2
679.0 332.385 2
909.0 612.0 2
838.769 742.231 2
434.6 68.6 5
838.0 117.0 1
702.923 497.923 2
577.5 787.0 3
909.0 349.714 2
184.0 439.714 5
188.0 480.143 5
444.0 573.8 3
390.286 212.286 4
258.0 110.0 4
661.857 493.0 3
207.0 811.125 5
297.143 133.0 4
626.714 493.0 3
181.0 399.286 5
820.0 825.0 2
876.857 174.857 2
179.0 358.857 5
686.0 252.25 2
440.0 603.2 5
778.286 154.0 1
495.0 256.0 5
909.0 699.429 2
481.125 739.125 3
905.0 830.571 2
811.429 91.0 2
191.0 601.429 5
906.0 480.857 2
486.0 305.6 5
697.0 163.0 1
449.0 702.4 5
304.143 82.8571 5
274.857 153.0 4
891.0 218.571 2
545.375 776.375 3
730.308 539.308 2
821.0 96.0 1
513.25 762.0 3
772.0 801.0 3
910.0 786.857 2
837.0 84.0 1
449.0 553.6 5
822.462 659.462 2
449.0 709.0 3
193.0 520.571 5
431.0 752.0 5
881.0 918.0 2
896.0 874.286 2
641.75 796.75 3
907.0 568.286 2
643.75 188.0 2
728.0 149.0 1
266.625 764.0 5
764.692 578.692 2
191.0 641.857 5
466.0 244.0 4
233.75 781.0 5
419.143 226.143 4
361.429 198.429 4
808.143 135.857 1
683.0 456.538 2
604.0 196.0 1
607.0 153.667 2
605.0 209.0 1
455.0 540.0 3
836.0 695.0 3
790.0 114.0 1
303.714 168.0 4
805.0 629.0 3
834.0 761.0 3
688.714 206.0 1
457.0 504.0 5
605.0 186.0 2
748.429 171.571 1
875.167 902.167 2
852.0 110.0 1
327.286 148.286 4
202.857 197.143 5
484.0 212.0 4
697.0 497.0 3
193.0 844.0 5
184.0 803.571 5
796.077 618.077 2
387.571 173.0 4
829.0 90.0 1
398.125 742.0 5
480.2 107.2 5
227.286 156.714 5
629.0 248.0 1
610.0 222.0 1
869.333 886.333 2
909.0 393.429 2
190.0 722.714 5
193.0 561.0 5
767.714 63.0 2
246.0 138.0 4
182.0 318.429 5
