562.667 215.333 2
631.143 100.0 1
905.0 955.0 2
452.0 243.867 5
696.615 572.615 2
581.0 146.0 2
435.0 113.0 4
433.0 158.75 4
719.385 607.385 2
381.067 662.067 5
757.0 676.923 2
670.0 538.167 3
572.0 835.0 3
417.0 476.2 5
425.0 383.267 5
640.333 105.0 2
311.143 155.143 4
395.867 569.133 5
798.429 184.429 2
902.0 526.905 2
387.0 703.0 3
526.5 828.0 3
698.143 142.0 1
613.0 293.0 2
922.0 826.571 2
610.0 328.5 2
787.0 826.0 2
762.0 758.833 3
137.0 329.667 5
645.429 97.0 1
601.286 474.0 3
765.5 126.5 1
632.0 483.0 3
415.286 109.0 4
95.0 632.333 5
569.333 180.667 2
598.0 364.0 2
605.0 398.769 2
649.286 152.714 1
754.0 814.0 3
478.429 487.0 3
336.429 108.0 4
166.0 243.19 5
763.667 703.667 3
430.0 336.8 5
334.714 158.0 4
574.0 94.0 1
709.333 593.333 3
282.524 125.476 5
909.0 655.333 2
481.0 808.0 3
381.857 161.0 4
869.0 312.857 2
764.0 746.462 2
111.0 459.381 5
375.857 110.0 4
217.0 795.0 5
926.0 869.381 2
737.0 93.0 1
316.714 108.0 4
443.0 290.333 5
173.5 810.0 5
605.667 118.333 2
901.0 484.095 2
99.0 589.095 5
237.0 138.0 4
880.0 355.667 2
388.0 708.533 5
851.0 270.048 2
415.467 113.0 5
565.5 158.5 1
674.0 93.0 1
744.0 648.5 3
747.0 129.0 1
646.0 503.077 2
297.0 108.0 4
382.0 613.0 3
591.5 260.5 2
663.0 838.0 3
602.571 102.0 1
627.308 468.308 2
588.286 96.0 1
381.0 615.6 5
381.0 658.0 3
876.0 891.0 2
196.048 200.952 5
624.857 161.0 1
76.0 762.048 5
563.0 137.0 1
78.0 891.762 5
760.619 142.619 2
784.0 124.0 1
71.0 848.524 5
722.571 136.0 1
922.81 912.19 2
455.933 150.933 5
116.0 416.143 5
456.0 197.4 5
91.0 675.571 5
369.0 100.0 5
105.0 545.857 5
616.857 102.0 1
356.143 109.0 4
611.0 433.538 2
906.0 612.524 2
89.0 935.0 5
570.571 474.0 3
755.0 816.0 2
556.0 250.0 2
239.286 160.714 5
148.0 286.429 5
83.1905 718.81 5
250.5 140.5 4
411.0 522.667 5
539.857 475.0 3
282.0 107.0 4
107.0 891.5 5
127.0 372.905 5
740.0 642.154 2
417.0 523.0 3
708.5 833.5 3
134.0 848.0 5
264.0 143.0 4
705.5 95.0 1
509.143 479.0 3
890.0 923.0 2
428.0 174.0 4
659.714 95.0 1
358.286 159.0 4
717.81 115.0 2
851.0 860.0 2
260.5 782.0 5
828.0 227.238 2
436.75 128.25 4
391.0 755.0 5
563.0 115.5 1
673.714 147.0 1
287.571 150.0 4
893.0 441.286 2
759.0 781.231 2
108.0 502.619 5
675.0 101.0 2
819.0 840.0 2
325.762 105.0 5
395.571 111.0 4
917.0 783.762 2
435.5 778.5 3
267.0 107.0 4
397.0 568.0 3
304.0 772.0 5
600.429 171.571 1
447.714 494.286 3
576.0 180.0 1
915.0 740.952 2
903.0 569.714 2
420.267 429.733 5
434.0 143.5 4
71.0 805.286 5
887.0 398.476 2
390.0 748.0 3
764.0 711.692 2
405.429 166.429 4
668.846 537.846 2
617.5 840.0 3
911.0 698.143 2
347.5 765.0 5
