630.0 803.0 3
834.0 222.048 2
416.143 77.0 4
749.0 749.667 3
280.571 95.5714 4
878.0 446.095 2
706.154 584.154 2
664.429 59.5714 1
913.0 939.0 2
354.286 116.0 4
206.0 134.905 5
611.0 456.0 3
426.467 55.4667 5
577.0 70.0 1
140.0 446.238 5
117.857 624.143 5
605.0 302.0 2
460.0 298.8 5
755.0 705.077 2
158.0 312.81 5
605.0 272.5 2
565.0 83.25 1
946.0 759.762 2
104.0 713.095 5
288.048 64.0 5
378.857 123.857 4
863.333 850.333 2
118.0 891.0 5
560.0 793.0 3
644.0 463.231 2
853.0 311.667 2
457.733 348.267 5
754.0 84.0 1
428.0 140.0 4
346.25 773.75 5
162.0 268.333 5
350.571 69.0 4
169.0 223.857 5
706.571 99.0 1
622.0 382.615 2
886.0 490.905 2
667.0 524.333 3
99.0 846.524 5
584.0 132.0 1
660.538 503.538 2
151.0 357.286 5
556.0 174.5 2
413.0 595.6 5
305.143 106.0 4
773.667 818.0 2
460.0 199.867 5
134.0 490.714 5
146.0 401.762 5
679.0 57.0 1
384.625 753.0 5
728.833 814.0 2
740.5 87.0 1
635.286 65.0 1
125.0 579.667 5
629.0 422.923 2
917.0 625.333 2
527.0 453.0 3
451.0 100.933 5
927.0 894.19 2
307.875 789.0 5
573.0 115.75 1
684.0 805.0 2
499.0 455.0 3
420.0 724.0 3
889.0 894.167 2
438.0 77.0 4
938.0 849.381 2
525.0 784.0 3
606.143 70.0 1
256.0 88.0 4
460.0 249.333 5
449.0 111.5 4
583.0 452.0 3
753.0 693.333 3
450.0 397.733 5
681.0 543.846 2
595.0 800.0 3
861.0 356.476 2
718.0 54.0 1
604.0 243.0 2
403.429 136.429 4
231.125 803.875 5
604.429 123.571 1
645.286 112.0 1
332.524 45.0 5
377.0 37.0 5
192.75 819.25 5
94.0 802.048 5
894.0 535.714 2
243.571 91.4286 5
269.5 59.0 4
182.0 179.381 5
584.0 83.0 2
620.714 68.0 1
649.857 62.0 1
727.0 90.0 1
639.0 468.0 3
745.0 664.769 2
447.0 93.75 4
845.0 266.857 2
285.0 61.0 4
944.0 804.571 2
455.0 750.0 3
735.0 637.0 3
555.0 452.0 3
753.0 745.385 2
665.714 108.0 1
471.0 459.0 3
733.619 95.619 2
591.571 70.0 1
943.0 714.952 2
932.0 670.143 2
903.524 580.524 2
613.5 57.5 2
700.0 800.0 3
394.286 76.0 4
444.0 129.25 4
269.5 797.0 5
490.0 769.0 3
582.5 214.5 2
100.429 757.571 5
432.0 526.4 3
724.308 783.692 2
644.0 52.0 2
254.0 56.0 4
436.0 496.667 5
553.0 205.0 2
728.462 624.462 2
328.714 66.0 4
441.0 447.2 5
244.5 85.0 4
131.0 535.19 5
457.0 150.4 5
306.857 63.0 4
418.0 694.533 5
624.857 117.143 1
107.0 668.619 5
415.0 674.6 3
614.0 342.308 2
420.0 575.8 3
233.0 82.0 4
698.5 55.5 1
814.0 177.238 2
413.0 625.2 3
778.429 133.429 2
569.5 113.5 2
567.5 99.5 1
425.0 546.133 5
156.375 855.625 5
818.5 827.0 2
688.81 66.0 2
686.143 104.0 1
372.429 72.0 4
329.714 112.714 4
561.0 144.0 2
702.667 580.667 3
870.0 401.286 2
665.0 803.0 3
423.0 744.0 5
413.0 645.067 5
443.0 477.0 3
